      7.614	         0
      19.58	         0
      20.67	      0.46
      21.75	     0.977
      21.75	      1.15
      22.84	      1.72
      22.84	       2.3
      22.84	      2.36
      22.84	      2.53
      22.84	      2.59
      22.84	      2.64
      22.84	      2.76
      22.84	      2.93
      22.84	       3.1
      22.84	      3.28
      22.84	      3.39
      22.84	      3.56
      22.84	      3.68
      22.84	      3.74
      22.84	      3.91
      22.84	      4.02
      22.84	      4.08
      22.84	       4.2
      22.84	      4.25
      22.84	      4.31
      22.84	      4.48
      22.84	      4.71
      22.84	      4.89
      22.84	      5.06
      22.84	      5.17
      22.84	      5.23
      22.84	      5.34
      22.84	      5.52
      22.84	      5.69
      22.84	       5.8
      22.84	      5.86
      22.84	      5.92
      22.84	      6.03
      22.84	      6.15
      22.84	      6.38
      22.84	      6.49
      22.84	      6.67
      22.84	      6.84
      22.84	      6.95
      22.84	      7.01
      23.93	      7.59
      23.93	      7.76
      23.93	      7.82
      23.93	      7.99
      23.93	       8.1
      23.93	      8.16
      23.93	      8.39
      23.93	      8.74
      23.93	      9.25
      25.02	      9.83
      25.02	      9.94
      25.02	      10.2
      25.02	      10.9
      25.02	      10.6
      25.02	      10.4
      25.02	      9.77
      25.02	      9.14
      25.02	      8.62
       26.1	      8.97
      27.19	      9.43
      28.28	      9.77
      29.37	      10.2
      30.46	      10.5
      30.46	      10.3
      30.46	      10.3
      30.46	      10.2
      30.46	      10.1
      30.46	      9.83
      32.63	      9.37
      33.72	      8.91
      34.81	      8.45
      34.81	      8.33
      35.89	      7.76
      35.89	      7.64
      35.89	      7.47
      36.98	       6.9
      36.98	      6.84
      36.98	      6.55
      36.98	      6.38
      36.98	      6.26
      36.98	      6.15
      36.98	      5.98
      36.98	       5.8
      36.98	      5.69
      36.98	      5.57
      36.98	       5.4
      36.98	      5.17
      38.07	       4.6
      38.07	      4.37
      39.16	      3.85
      40.24	      3.51
      41.33	      3.22
      42.42	      2.76
      42.42	      2.53
      43.51	      1.95
      43.51	      1.78
      43.51	      1.61
      43.51	      1.49
       44.6	      0.92
      45.68	     0.402
      46.77	     0.172
      48.95	    -0.402
      50.03	    -0.747
      51.12	    -0.345
      52.21	    0.0575
       53.3	     0.575
      54.38	     0.115
      55.47	     -0.23
      56.56	    -0.575
      57.65	     -1.03
      58.74	     -1.49
      60.91	     -2.07
         62	     -2.41
      63.09	      -1.9
      64.17	     -1.44
      64.17	     -1.21
      64.17	    -0.805
      65.26	    -0.287
      66.35	     0.287
      67.44	     0.862
      67.44	      0.92
      68.52	     0.287
      69.61	    -0.172
       70.7	    -0.517
      71.79	    -0.977
      76.14	    -0.402
      84.84	    -0.115
      91.37	         0
      92.45	     0.345
      93.54	     0.805
      93.54	      1.03
      93.54	      1.21
      93.54	      1.38
      93.54	      1.49
      94.63	      2.07
      94.63	      2.24
      94.63	      2.36
      94.63	      2.47
      94.63	      2.59
      94.63	      2.76
      94.63	      2.93
      94.63	       3.1
      94.63	      3.33
      94.63	      3.51
      94.63	      3.62
      94.63	      3.79
      94.63	      3.91
      94.63	      4.02
      94.63	       4.2
      94.63	      4.37
      94.63	       4.6
      94.63	      4.77
      94.63	      4.83
      94.63	      4.89
      94.63	      4.94
      94.63	         5
      95.72	      5.57
      95.72	       5.8
      95.72	      6.03
      95.72	      6.21
      95.72	      6.32
      95.72	      6.44
      95.72	      6.61
      95.72	      6.72
      95.72	      6.84
      95.72	      7.01
      95.72	      7.18
      95.72	       7.3
      95.72	      7.47
      95.72	      7.64
      95.72	      7.76
      95.72	      7.87
       96.8	      8.45
       96.8	      9.02
       96.8	      9.71
       96.8	      10.3
       96.8	      10.9
       96.8	      10.7
       96.8	      10.5
       96.8	      10.5
      97.89	      9.71
      98.98	      9.14
      98.98	      8.91
      100.1	      9.31
      101.2	      9.83
      101.2	      10.2
      102.2	      10.5
      103.3	      10.1
      103.3	      9.83
      103.3	      9.66
      103.3	       9.6
      103.3	      9.37
      105.5	      8.91
      105.5	      8.51
      106.6	      8.39
      107.7	      7.93
      107.7	      7.76
      107.7	      7.64
      107.7	      7.59
      107.7	      7.47
      107.7	       7.3
      108.8	      6.72
      108.8	      6.55
      108.8	      6.38
      108.8	      6.26
      108.8	      6.09
      108.8	      5.92
      108.8	      5.75
      108.8	      5.57
      108.8	       5.4
      109.9	      4.83
      110.9	      4.25
        112	      3.68
        112	      3.51
      113.1	      3.22
      114.2	      2.64
      114.2	      2.53
      114.2	      2.36
      114.2	       2.3
      114.2	      2.13
      115.3	      1.61
      115.3	      1.44
      116.4	     0.977
      117.5	     0.402
      118.6	     0.115
      119.6	    -0.172
      120.7	    -0.517
      121.8	    -0.862
      121.8	    -0.747
      122.9	    -0.172
        124	     0.345
      125.1	      0.92
      126.2	     0.575
      127.3	     0.115
      128.3	    -0.287
      129.4	    -0.747
      130.5	     -1.21
      131.6	     -1.78
      132.7	      -2.3
      133.8	     -1.84
        136	     -1.26
        136	     -1.15
        137	    -0.575
      138.1	   -0.0575
      139.2	     0.517
      139.2	      0.69
      139.2	      0.92
      140.3	     0.402
      141.4	    -0.115
      142.5	    -0.575
      143.6	     -1.03
      147.9	    -0.517
      152.3	    0.0575
      153.4	      0.23
      153.4	     0.287
      153.4	     0.345
      153.4	     0.575
      153.4	     0.747
      153.4	      1.03
      153.4	      1.26
      153.4	      1.32
      153.4	      1.67
      154.5	      2.24
      155.5	      2.82
      156.6	      3.39
      156.6	      3.45
      157.7	      4.02
      157.7	      3.91
      157.7	      3.79
      157.7	      3.68
      158.8	       3.1
      159.9	      2.53
        161	      2.07
      162.1	      1.61
      163.2	      1.03
      164.2	     0.517
      165.3	      1.03
      166.4	      1.49
      167.5	      1.95
      168.6	      2.41
      169.7	      2.93
      170.8	      3.45
      171.9	      3.85
      172.9	      4.43
        174	         5
        174	      5.06
        174	      5.11
        174	      5.57
        174	      6.09
        174	      5.98
        174	       5.8
        174	      5.69
        174	       5.4
        174	      5.23
      175.1	      4.43
      176.2	      3.85
      176.2	      3.74
      176.2	      3.62
      176.2	      3.45
      177.3	      2.87
      178.4	       2.3
      178.4	      2.18
      178.4	      1.78
      179.5	      1.21
      179.5	      1.15
      179.5	      1.09
      179.5	      1.03
      179.5	     0.977
      179.5	      0.92
      179.5	     0.575
      179.5	     0.402
      179.5	      0.23
      179.5	         0
      180.6	    -0.517
      181.6	    -0.402
      191.4	   -0.0575
      200.1	         0
      206.7	         0
      207.7	     0.517
      207.7	      0.69
      208.8	      1.26
      208.8	      1.44
      208.8	      1.55
      208.8	      1.78
      208.8	      1.84
      208.8	       1.9
      208.8	      2.53
      208.8	      2.59
      208.8	      2.64
      208.8	      2.82
      208.8	      3.05
      208.8	      3.28
      208.8	      3.45
      208.8	      3.51
      208.8	      3.56
      208.8	      3.74
      208.8	      3.91
      208.8	      3.97
      208.8	      4.02
      208.8	      4.08
      208.8	       4.2
      208.8	      4.37
      208.8	      4.54
      208.8	      4.71
      208.8	      4.89
      208.8	      4.94
      208.8	         5
      208.8	      5.17
      208.8	      5.23
      208.8	      5.34
      208.8	       5.4
      208.8	      5.69
      208.8	      5.92
      208.8	      6.15
      208.8	      6.26
      208.8	      6.78
      208.8	      7.18
      208.8	      7.36
      208.8	      7.47
      208.8	      7.59
      208.8	      7.64
      208.8	       7.7
      208.8	      7.99
      208.8	      8.16
      208.8	      8.33
      209.9	      8.91
      209.9	      8.68
        211	       8.1
        211	      7.64
        211	      7.47
        211	      7.41
      212.1	      6.84
      212.1	      6.78
      212.1	      6.72
      212.1	      6.55
      212.1	      6.44
      212.1	      6.38
      212.1	      6.26
      212.1	      6.15
      212.1	      5.98
      212.1	      5.92
      212.1	      5.86
      213.2	      5.29
      214.3	      4.83
      214.3	       4.6
      215.4	      4.02
      216.5	      3.45
      216.5	      3.22
      216.5	      3.16
      217.5	      2.59
      217.5	      2.53
      218.6	      1.95
      218.6	      1.32
      218.6	     0.977
      219.7	      1.44
      220.8	      1.95
      221.9	      2.47
        223	      1.95
      224.1	      1.38
      225.2	     0.862
      225.2	      1.15
      225.2	      1.21
      225.2	      1.26
      225.2	      1.32
      226.2	       1.9
      226.2	      2.01
      227.3	      2.59
      227.3	      2.64
      227.3	      2.93
      227.3	      2.99
      228.4	      3.56
      228.4	      3.68
      228.4	      3.85
      228.4	      4.02
      228.4	      4.08
      228.4	       4.2
      228.4	      4.31
      228.4	      4.66
      228.4	      4.94
      228.4	         5
      228.4	      5.29
      228.4	      5.34
      228.4	      5.52
      228.4	      5.63
      228.4	      5.69
      228.4	      5.86
      228.4	      5.92
      228.4	      6.03
      228.4	      6.15
      228.4	      6.21
      228.4	      6.26
      228.4	      6.32
      228.4	      6.49
      228.4	      6.67
      228.4	      6.84
      228.4	      7.01
      228.4	      7.07
      228.4	      7.18
      228.4	      7.24
      228.4	       7.3
      228.4	      7.41
      228.4	      7.59
      229.5	       8.1
      229.5	      8.39
      229.5	      9.14
      229.5	      9.48
      229.5	      9.89
      229.5	      10.3
      229.5	      10.8
      229.5	      10.7
      229.5	      10.5
      229.5	      10.1
      229.5	        10
      229.5	      9.71
      230.6	      8.91
      231.7	      8.33
      232.8	      7.76
      233.9	      7.24
      233.9	      7.01
      233.9	      6.84
      233.9	      6.67
      233.9	      6.55
      233.9	      6.49
      233.9	      6.38
      233.9	      6.21
      233.9	      6.09
      233.9	      5.98
      233.9	       5.8
      233.9	      5.69
      234.9	      5.11
      234.9	      5.06
      234.9	         5
      234.9	      4.89
      234.9	      4.71
        236	      4.14
      237.1	      3.56
      238.2	      2.99
      239.3	      2.53
      240.4	      2.82
      241.5	      3.16
      242.6	      3.56
      242.6	      3.45
      242.6	      3.39
      242.6	      3.28
      242.6	      3.22
      243.6	      2.64
      243.6	      2.59
      243.6	      2.53
      244.7	      1.95
      244.7	      1.72
      245.8	      1.32
      246.9	     0.747
        248	     0.172
      249.1	    -0.287
      250.2	    -0.805
      250.2	     -0.92
      251.3	     -0.23
      251.3	      0.23
      252.3	     0.805
      253.4	      1.38
      253.4	      1.44
      253.4	      1.55
      253.4	      1.72
      253.4	      2.07
      253.4	      2.13
      253.4	      2.18
      253.4	      2.24
      253.4	      2.36
      253.4	      2.41
      253.4	      2.47
      253.4	      2.53
      253.4	      2.87
      253.4	      2.99
      253.4	      3.05
      253.4	       3.1
      254.5	      3.68
      254.5	      3.97
      254.5	      3.85
      255.6	      3.28
      255.6	      3.22
      256.7	      2.64
      256.7	      2.53
      256.7	      2.47
      257.8	       1.9
      258.9	      1.32
      258.9	      1.26
        260	      0.69
        261	      0.23
      262.1	    -0.115
      263.2	     -0.46
      263.2	     -0.69
      263.2	     -1.21
      267.6	     -1.03
      268.7	     -1.26
      271.9	     -1.84
        273	     -2.07
      275.2	     -1.67
      277.4	     -1.21
      278.5	    -0.632
      278.5	    -0.575
      278.5	    -0.517
      278.5	    -0.345
      279.5	      0.23
      279.5	     0.287
      279.5	      0.46
      280.6	      1.03
      280.6	      1.15
      280.6	      1.32
      280.6	      1.38
      280.6	      1.61
      280.6	      1.67
      280.6	      1.78
      280.6	       1.9
      280.6	      2.18
      280.6	      2.24
      280.6	      2.47
      280.6	      2.64
      280.6	       2.7
      280.6	      2.93
      280.6	      3.16
      280.6	      3.33
      280.6	      3.51
      280.6	      3.62
      280.6	      3.79
      280.6	      3.97
      280.6	      4.08
      280.6	       4.2
      280.6	      4.37
      280.6	       4.6
      280.6	      4.77
      280.6	      4.89
      280.6	         5
      280.6	      5.17
      280.6	      5.23
      280.6	      5.34
      280.6	      5.52
      280.6	      5.69
      280.6	       5.8
      280.6	      5.98
      280.6	      6.15
      280.6	      6.32
      280.6	      6.44
      280.6	      6.61
      280.6	      6.72
      281.7	       7.3
      281.7	      7.47
      281.7	      7.59
      281.7	      7.64
      281.7	      7.82
      282.8	      8.51
      282.8	      8.85
      282.8	      9.31
      282.8	      9.83
      282.8	      10.2
      282.8	      10.8
      282.8	      11.4
      282.8	      11.9
      282.8	      12.5
      282.8	      12.9
      282.8	      13.5
      282.8	      14.1
      282.8	      14.7
      282.8	      14.4
      282.8	      14.3
      282.8	        14
      282.8	      13.9
      282.8	      13.7
      282.8	      13.3
      282.8	      13.2
      282.8	      12.8
      282.8	      12.6
      282.8	      12.2
      282.8	      12.1
      282.8	      11.7
      282.8	      11.6
      282.8	      11.2
      282.8	        11
      282.8	      10.9
      282.8	      10.6
      282.8	      10.5
      282.8	      10.3
      282.8	      10.1
      282.8	      9.94
      282.8	      9.71
      282.8	      9.66
      282.8	      9.48
      282.8	      9.14
      282.8	      9.02
      282.8	      8.62
      282.8	      8.56
      283.9	      7.93
      283.9	      7.87
        285	       7.3
        285	      7.24
        285	      7.13
        285	      7.01
        285	      6.95
        285	      6.84
        285	      6.78
        285	      6.61
        285	      6.55
        285	      6.32
        285	      6.15
        285	      6.09
        285	      6.03
        285	      5.98
        285	      5.57
        285	      5.52
        285	      5.46
        285	       5.4
        285	      4.83
        285	      4.77
        285	      4.66
        285	      4.37
        285	      4.08
        285	      3.68
      286.1	       3.1
      286.1	      3.05
      286.1	      2.99
      286.1	      2.93
      287.2	      2.36
      288.2	      1.78
      289.3	      1.21
      290.4	     0.632
      290.4	     0.575
      290.4	     0.517
      290.4	      0.46
      290.4	     0.402
      291.5	    -0.172
      291.5	    0.0575
      292.6	     0.632
      292.6	     0.747
      292.6	      0.92
      292.6	     0.977
      292.6	      1.15
      292.6	      1.26
      292.6	      1.32
      292.6	      1.44
      292.6	      1.61
      292.6	      1.78
      293.7	      2.36
      293.7	      2.47
      293.7	      2.59
      293.7	      2.64
      293.7	      2.82
      293.7	      2.93
      293.7	      3.16
      293.7	      3.22
      294.8	      3.79
      294.8	      4.37
      294.8	         5
      294.8	      5.63
      294.8	      5.57
      294.8	      5.52
      294.8	      5.46
      294.8	       5.4
      294.8	      5.23
      294.8	      5.11
      294.8	      5.06
      294.8	      4.89
      295.9	      4.31
      295.9	       4.2
      295.9	      4.14
      295.9	      4.08
      295.9	      4.02
      295.9	      3.97
      295.9	      3.91
      296.9	      3.33
      296.9	      3.05
      296.9	      2.87
      296.9	      2.76
      296.9	      2.53
      296.9	      2.41
      296.9	      2.36
      296.9	       2.3
      296.9	      2.24
      296.9	      2.18
        298	      1.61
        298	      1.15
      299.1	     0.805
      300.2	      0.46
      301.3	    0.0575
      303.5	    -0.517
      307.8	    -0.172
        310	         0
      311.1	     0.575
      312.2	      1.15
      312.2	      1.21
      312.2	      1.26
      312.2	      1.32
      312.2	      1.38
      312.2	      1.44
      312.2	      1.72
      312.2	      1.78
      312.2	       1.9
      312.2	      2.01
      312.2	       2.3
      312.2	      2.47
      312.2	      2.59
      312.2	      2.64
      312.2	       2.7
      312.2	      2.87
      312.2	       3.1
      312.2	      3.33
      312.2	      3.45
      312.2	      3.56
      312.2	      3.62
      313.3	       4.2
      313.3	      4.66
      313.3	      5.06
      313.3	      5.63
      313.3	      6.26
      314.3	      6.84
      315.4	       7.3
      316.5	      7.76
      317.6	      8.22
      318.7	      8.74
      318.7	      8.85
      319.8	      9.37
      319.8	       9.2
      319.8	      9.02
      319.8	      8.91
      319.8	      8.85
      319.8	      8.79
      319.8	      8.62
      320.9	      8.05
        322	      7.47
        322	       7.3
        322	      7.24
        323	      6.67
      324.1	      6.09
      324.1	      5.86
      324.1	      5.69
      325.2	      5.11
      325.2	      5.06
      325.2	         5
      325.2	      4.89
      325.2	      4.71
      325.2	      4.66
      325.2	       4.6
      325.2	      4.48
      325.2	      4.14
      325.2	      4.02
      325.2	      3.85
      325.2	      3.56
      325.2	      3.45
      325.2	      3.39
      325.2	      3.28
      325.2	      3.22
      325.2	      3.05
      325.2	      2.93
      325.2	      2.87
      325.2	      2.53
      325.2	      2.47
      325.2	      2.41
      325.2	      2.36
      325.2	      2.24
      325.2	      2.18
      325.2	      2.07
      325.2	      2.01
      325.2	       1.9
      325.2	      1.78
      325.2	      1.67
      325.2	      1.49
      325.2	      1.38
      325.2	      1.26
      325.2	      1.21
      326.3	     0.632
      326.3	     0.517
      326.3	      0.46
      326.3	     0.402
      327.4	    -0.172
      327.4	     -0.46
      327.4	    -0.747
      327.4	     -0.92
      328.5	     -1.44
      329.6	     -2.01
      329.6	     -2.18
      330.7	     -1.67
      331.7	     -1.44
      332.8	    -0.977
      332.8	    -0.805
      333.9	     -0.23
      333.9	    -0.172
      333.9	    -0.115
      333.9	     0.172
      333.9	     0.517
      333.9	     0.575
      333.9	      0.69
      333.9	     0.862
      333.9	     0.977
      333.9	      1.09
      333.9	      1.26
      333.9	      1.38
      333.9	      1.44
      333.9	      1.55
      333.9	      1.72
      333.9	       1.9
      333.9	      1.95
      333.9	      2.01
      333.9	      2.07
      333.9	      2.24
      333.9	      2.36
      333.9	      2.53
      333.9	       2.7
      333.9	      2.82
      333.9	      2.93
      333.9	       3.1
      333.9	      3.28
      333.9	      3.39
      333.9	      3.45
      333.9	      3.62
      333.9	      3.74
      333.9	      3.79
      333.9	      3.85
      333.9	      3.91
      333.9	      4.02
      333.9	       4.2
      333.9	      4.37
      333.9	      4.48
      333.9	      4.54
      333.9	      4.71
      333.9	      4.77
      333.9	      4.83
      333.9	      4.89
      333.9	      4.94
      333.9	         5
      333.9	      5.06
      333.9	      5.11
      333.9	      5.23
        335	       5.8
        335	      5.98
        335	      6.03
        335	      6.09
        335	      6.26
        335	      6.32
        335	      6.38
        335	      6.44
        335	      6.55
        335	      6.72
        335	      6.78
        335	       6.9
        335	      7.01
        335	      7.07
        335	      7.13
        335	      7.18
        335	       7.3
        335	      7.36
        335	      7.41
        335	      7.47
        335	      7.59
        335	      7.64
        335	      7.82
        335	      8.33
        335	      8.91
        335	      8.97
        335	      9.08
        335	       9.2
        335	      9.37
        335	      9.43
        335	      9.66
        335	      9.71
        335	      10.1
      336.1	      10.6
      336.1	      10.7
      337.2	      10.2
      337.2	      9.77
      337.2	      9.66
      337.2	      9.43
      338.3	      8.85
      338.3	      8.79
      338.3	      8.74
      339.4	      8.16
      339.4	       8.1
      339.4	      7.47
      339.4	      7.53
      339.4	      7.59
      339.4	      7.64
      340.4	      8.22
      340.4	      8.28
      341.5	      8.85
      341.5	      9.25
      342.6	      9.83
      342.6	        10
      343.7	      9.43
      343.7	      8.91
      345.9	      9.14
        347	      8.68
      349.2	       8.1
      349.2	      7.99
      349.2	      7.87
      349.2	      7.76
      349.2	      7.64
      350.2	      7.07
      350.2	       6.9
      351.3	      6.32
      351.3	      6.03
      351.3	      5.98
      351.3	      5.92
      351.3	      5.75
      351.3	      5.63
      351.3	       5.4
      352.4	      4.83
      352.4	      4.66
      352.4	       4.6
      352.4	      4.54
      352.4	      4.31
      352.4	      4.14
      352.4	      4.08
      352.4	      3.85
      353.5	      3.28
      354.6	       2.7
      354.6	      2.59
      355.7	      2.01
      355.7	      1.55
      355.7	      1.44
      356.8	     0.862
      356.8	     0.632
      356.8	      0.46
      356.8	     0.402
      356.8	     0.287
      356.8	     0.172
      356.8	    0.0575
      356.8	    -0.287
      357.9	    -0.862
      357.9	     -1.26
      357.9	     -1.78
      357.9	     -2.36
      357.9	     -2.82
      357.9	      -2.7
      357.9	     -2.53
      357.9	     -2.13
      357.9	     -1.95
      357.9	     -1.67
      357.9	     -1.61
      357.9	     -1.44
      357.9	     -1.32
      357.9	     -1.15
      357.9	     -1.09
      357.9	    -0.977
      357.9	    -0.747
      357.9	    -0.632
      357.9	    -0.575
      357.9	     -0.46
      357.9	    -0.402
      357.9	    -0.345
      357.9	     -0.23
      357.9	    -0.115
      357.9	   -0.0575
      357.9	    0.0575
      357.9	     0.172
      357.9	      0.69
      358.9	      1.26
      358.9	      1.32
        360	       1.9
        360	      2.24
        360	      2.47
        360	      2.64
        360	       2.7
        360	      2.99
        360	      3.16
        360	      3.28
      361.1	      3.85
      361.1	      3.91
      361.1	      4.14
      361.1	       4.2
      362.2	      4.77
      363.3	      5.34
      363.3	       5.4
      364.4	      5.98
      365.5	      6.55
      365.5	      6.72
      366.6	      7.24
      367.6	      7.82
      367.6	      7.93
      368.7	      8.51
      368.7	      8.39
      368.7	      8.33
      368.7	      8.28
      368.7	      8.05
      368.7	      7.93
      369.8	      7.36
      369.8	      7.13
      370.9	      6.55
      370.9	      6.44
      370.9	      6.38
      370.9	      6.32
      370.9	      6.26
      370.9	      6.15
      370.9	      6.03
        372	      5.46
      373.1	      4.89
      373.1	      4.83
      373.1	      4.77
      373.1	      4.25
      374.2	      3.68
      375.3	      3.16
      376.3	      2.76
      377.4	       2.3
      378.5	      1.72
      379.6	      1.44
      380.7	      0.92
      381.8	     0.575
      382.9	     0.287
        384	    -0.115
      386.1	     -0.69
      387.2	     -1.15
      388.3	     -1.61
      389.4	     -1.03
      389.4	    -0.977
      389.4	    -0.862
      390.5	    -0.287
      391.6	    -0.805
      391.6	     -0.92
      392.7	     -1.49
      392.7	     -1.55
      392.7	     -1.32
      392.7	     -1.21
      392.7	     -1.03
      393.7	     -0.46
      393.7	    -0.402
      394.8	     0.172
      394.8	     0.287
      394.8	     0.345
      394.8	     0.402
      394.8	      0.46
      395.9	      1.03
      395.9	      1.26
      395.9	      1.49
      395.9	      1.55
      395.9	      1.61
        397	      2.18
        397	      2.41
        397	      2.47
        397	      2.59
        397	      2.64
        397	      2.76
        397	      2.82
        397	      2.87
        397	      2.99
        397	      3.05
        397	       3.1
        397	      3.16
        397	      3.39
        397	      3.74
        397	      4.14
        397	      4.77
      398.1	      5.34
      398.1	      5.75
      398.1	      6.26
      398.1	      6.84
      398.1	      7.36
      398.1	      7.93
      398.1	      7.82
      398.1	       7.7
      398.1	      7.53
      398.1	       7.3
      398.1	      7.18
      398.1	      7.01
      398.1	      6.67
      398.1	      6.49
      398.1	      6.38
      398.1	      6.09
      398.1	      5.92
      398.1	      5.52
      398.1	      5.46
      398.1	       5.4
      399.2	      4.77
      400.3	       4.2
      401.4	      3.62
      401.4	      3.56
      401.4	      3.45
      402.4	      2.87
      402.4	      2.64
      402.4	      2.59
      402.4	       2.3
      402.4	      2.18
      403.5	      1.61
      403.5	      1.44
      403.5	      1.32
      404.6	     0.747
      404.6	      0.46
      404.6	    -0.172
      404.6	    -0.632
      405.7	    -0.402
      405.7	    -0.115
      407.9	     0.287
      411.1	      0.69
      414.4	      1.21
      416.6	      1.78
      418.8	      1.55
      423.1	      1.09
      424.2	      1.67
      425.3	      2.24
      425.3	       2.3
      425.3	      2.87
      425.3	      2.76
      425.3	      2.64
      425.3	      2.59
      425.3	      2.53
      425.3	      2.47
      426.4	       1.9
      426.4	      1.84
      427.5	      1.26
      428.6	      0.69
      428.6	     0.287
      428.6	      0.23
      429.6	    -0.345
      429.6	     -0.46
      429.6	    -0.575
      429.6	    -0.747
      429.6	    -0.862
      429.6	     -0.92
      429.6	     -1.15
      429.6	     -1.21
      429.6	     -1.38
      429.6	     -1.67
      430.7	     -2.24
      430.7	     -2.41
        434	     -2.99
      437.3	     -2.47
      437.3	     -2.36
      438.3	     -1.84
      439.4	     -1.38
      440.5	     -0.92
      441.6	    -0.402
      442.7	     0.172
      443.8	      0.69
      443.8	      1.09
      443.8	      1.15
      444.9	      1.72
      444.9	      1.95
        446	      2.53
        446	      2.64
        446	      2.76
        446	      2.82
        446	      2.87
        446	      2.93
        446	      3.05
        446	       3.1
        447	      3.68
        447	      4.14
        447	      4.31
        447	      4.43
        447	       4.6
        447	      4.71
        447	      4.77
        447	      4.94
        447	      5.06
        447	      5.11
        447	      5.23
        447	       5.4
        447	      5.57
        447	      5.69
      448.1	      6.26
      448.1	      6.78
      448.1	      7.01
      448.1	      7.18
      448.1	       7.3
      448.1	      7.41
      448.1	      7.59
      448.1	       7.7
      448.1	      7.76
      448.1	      7.87
      448.1	      8.05
      448.1	      8.22
      448.1	      8.33
      448.1	      8.45
      448.1	      8.62
      448.1	      8.74
      448.1	      8.91
      448.1	      9.02
      448.1	      9.08
      448.1	       9.2
      448.1	      9.37
      449.2	      9.94
      449.2	        10
      449.2	      10.5
      449.2	      10.7
      449.2	      10.9
      449.2	        11
      449.2	      11.1
      450.3	      11.7
      450.3	        12
      451.4	      12.5
      451.4	      12.8
      451.4	      13.4
      451.4	      14.1
      451.4	        14
      451.4	      13.8
      451.4	      13.6
      451.4	      13.2
      451.4	        13
      451.4	      12.6
      451.4	      12.4
      452.5	      11.8
      453.6	      11.2
      453.6	      11.1
      453.6	      10.9
      453.6	      10.8
      453.6	      10.7
      453.6	      10.6
      453.6	      10.5
      453.6	      10.3
      454.7	      9.71
      455.7	      9.14
      455.7	      9.08
      455.7	      9.02
      456.8	      8.45
      457.9	      7.87
      457.9	      7.76
      457.9	      7.59
      457.9	      7.36
      457.9	      7.24
        459	      6.67
        459	      6.55
        459	      6.32
        459	      6.09
      460.1	      5.52
      460.1	      5.34
      460.1	      5.17
      460.1	      5.06
      460.1	      4.94
      460.1	      4.77
      460.1	      4.54
      460.1	      4.43
      461.2	      3.85
      461.2	      3.74
      461.2	      3.62
      461.2	      3.51
      461.2	      3.33
      461.2	      3.28
      461.2	      3.16
      461.2	      2.99
      462.3	      2.41
      464.4	       1.9
      465.5	      1.72
      466.6	      1.55
      468.8	      1.09
      469.9	     0.517
        471	   -0.0575
      472.1	    -0.632
      472.1	     -0.69
      473.1	     -1.26
      473.1	     -1.32
      473.1	     -1.95
      474.2	     -1.38
      475.3	    -0.805
      476.4	    -0.287
      477.5	      0.23
      478.6	     0.747
      478.6	      0.69
      478.6	     0.575
      478.6	     0.517
      478.6	     0.402
      478.6	     0.345
      478.6	      0.23
      479.7	    -0.345
      479.7	    -0.575
      479.7	    -0.632
      480.8	     -1.21
      481.8	     -1.72
      481.8	      -1.9
      482.9	     -2.36
        484	     -1.78
        484	     -1.72
        484	     -1.55
        484	     -1.44
        484	     -1.09
        484	    -0.977
        484	     -0.92
        484	    -0.862
      485.1	    -0.287
      485.1	     -0.23
      485.1	         0
      485.1	    0.0575
      485.1	      0.23
      485.1	     0.575
      485.1	      1.03
      485.1	      1.26
      485.1	      1.32
      485.1	      1.49
      485.1	      1.55
      485.1	      1.67
      485.1	      1.84
      485.1	      2.01
      485.1	      2.13
      485.1	      2.24
      485.1	      2.41
      485.1	      2.53
      485.1	      2.59
      485.1	      2.64
      485.1	      2.76
      485.1	      2.93
      485.1	       3.1
      485.1	      3.22
      485.1	      3.33
      485.1	      3.51
      485.1	      3.62
      485.1	      3.68
      485.1	      3.85
      485.1	      3.97
      485.1	      4.08
      485.1	       4.2
      485.1	      4.37
      485.1	      4.54
      485.1	      4.66
      485.1	      4.71
      486.2	      5.29
      486.2	      5.63
      486.2	      5.69
      486.2	       5.8
      486.2	      5.92
      487.3	      6.49
      487.3	      6.84
      487.3	       6.9
      487.3	      7.13
      487.3	       7.3
      487.3	      7.36
      487.3	      7.76
      487.3	      7.82
      487.3	      8.05
      487.3	       8.1
      487.3	      8.16
      487.3	      8.22
      487.3	      8.33
      487.3	      8.39
      488.4	      8.97
      488.4	      9.48
      489.5	      10.1
      489.5	      10.3
      489.5	      10.9
      489.5	      10.8
      489.5	      10.7
      489.5	      10.5
      489.5	      10.2
      489.5	        10
      489.5	      9.94
      490.6	      9.37
      491.6	      8.79
      491.6	      8.62
      491.6	      8.56
      492.7	      7.99
      493.8	      7.41
      493.8	      7.18
      493.8	      6.67
      493.8	      6.61
      493.8	      6.21
      493.8	      6.15
      493.8	      5.57
      494.9	         5
      494.9	      4.94
      494.9	      4.43
      494.9	      4.25
      494.9	       4.2
      494.9	      3.85
      494.9	      3.79
      494.9	      3.74
      494.9	      3.39
      494.9	      3.33
      494.9	      3.28
      494.9	      3.22
      494.9	      3.16
      494.9	      2.99
      494.9	      2.76
      494.9	      2.59
      494.9	      2.47
        496	       1.9
        496	      1.72
        496	      1.67
      497.1	      1.09
      497.1	     0.977
      497.1	     0.862
      497.1	      0.69
      498.2	     0.115
      498.2	         0
      498.2	     -0.46
      498.2	    -0.517
      498.2	    -0.575
      498.2	    -0.805
      498.2	     -0.92
      498.2	    -0.977
      498.2	     -1.09
      498.2	     -1.15
      498.2	     -1.21
      498.2	     -1.26
      498.2	     -1.61
      498.2	     -1.67
      498.2	      -1.9
      498.2	     -2.13
      498.2	     -2.18
      498.2	      -2.3
      498.2	     -2.36
      498.2	     -2.41
      498.2	     -2.47
      498.2	     -2.59
      499.3	      -3.1
      499.3	     -3.68
      499.3	     -4.02
      500.3	     -3.68
      501.4	     -3.28
      502.5	     -2.82
      503.6	     -2.41
      504.7	     -2.07
      505.8	     -1.49
      506.9	    -0.977
      510.1	     -0.46
      511.2	    -0.345
        521	   -0.0575
      529.7	         0
      529.7	     0.115
      530.8	      0.69
      530.8	      0.92
      530.8	      1.09
      530.8	      1.21
      530.8	      1.38
      530.8	      1.49
      530.8	      1.55
      530.8	      1.61
      530.8	      1.72
      530.8	       1.9
      530.8	      2.07
      530.8	      2.18
      530.8	       2.3
      530.8	      2.36
      530.8	      2.47
      530.8	      2.59
      530.8	      2.64
      530.8	      2.76
      531.9	      3.33
      531.9	      3.39
      531.9	      3.56
      531.9	      3.68
      531.9	      3.85
      531.9	      3.97
      531.9	      4.08
      531.9	      4.14
      531.9	      4.25
      531.9	      4.43
      531.9	      4.66
      531.9	      4.83
      531.9	         5
      531.9	      5.11
      531.9	      5.23
      531.9	       5.4
      531.9	      5.57
      531.9	      5.75
      531.9	      5.92
      531.9	      5.98
      531.9	      6.03
        533	      6.61
        533	      6.78
        533	      6.95
        533	      7.13
        533	       7.3
        533	      7.47
        533	      7.59
        533	      7.76
        533	      7.82
        533	      7.93
        533	       8.1
      534.1	      8.68
      534.1	      8.91
      534.1	      9.08
      534.1	       9.2
      534.1	       9.6
      534.1	      9.66
      534.1	      9.71
      535.1	      10.3
      535.1	      10.5
      535.1	      10.6
      535.1	      10.8
      535.1	        11
      536.2	      11.6
      536.2	      11.7
      536.2	      11.8
      536.2	      12.1
      536.2	      12.2
      537.3	      12.8
      537.3	      12.9
      537.3	        13
      537.3	      13.2
      538.4	      13.7
      538.4	      13.9
      538.4	      14.3
      538.4	      14.9
      538.4	      15.5
      538.4	      16.1
      538.4	      15.9
      538.4	      15.6
      538.4	      15.3
      538.4	      15.2
      538.4	      15.1
      538.4	      14.7
      538.4	      14.5
      538.4	      14.1
      538.4	        14
      538.4	      13.9
      538.4	      13.7
      539.5	      13.1
      540.6	      12.5
      540.6	      12.3
      540.6	      12.2
      540.6	      12.1
      540.6	        12
      540.6	      11.8
      540.6	      11.7
      540.6	      11.6
      540.6	      11.5
      540.6	      11.3
      541.7	      10.7
      541.7	      10.7
      541.7	      10.6
      541.7	      10.6
      541.7	      10.5
      541.7	      10.1
      541.7	      10.1
      542.8	      9.48
      542.8	      9.37
      542.8	      9.25
      542.8	       9.2
      542.8	      9.14
      542.8	      9.08
      542.8	      8.91
      542.8	      8.85
      542.8	      8.74
      542.8	      8.68
      542.8	      8.22
      542.8	      8.16
      542.8	       8.1
      542.8	      7.93
      542.8	      7.64
      542.8	      7.59
      542.8	      7.41
      542.8	      7.01
      542.8	      6.95
      542.8	      6.84
      542.8	      6.78
      542.8	      6.55
      542.8	      6.44
      542.8	      6.15
      543.8	      5.57
      543.8	       5.4
      543.8	      4.94
      543.8	      4.43
      543.8	      3.79
      544.9	      3.56
      547.1	      2.99
      547.1	      2.87
      548.2	       2.3
      549.3	      1.72
      549.3	      1.38
      549.3	      1.32
      550.4	     0.747
      550.4	     0.632
      550.4	     0.575
      550.4	     0.517
      550.4	     0.402
      550.4	     0.345
      550.4	     0.287
      550.4	      0.23
      550.4	     0.172
      550.4	     0.115
      550.4	    0.0575
      550.4	         0
      550.4	   -0.0575
      551.5	    -0.632
      551.5	     -1.15
      551.5	     -1.03
      551.5	    -0.862
      552.5	    -0.287
      552.5	    -0.172
      552.5	    -0.115
      552.5	   -0.0575
      552.5	     0.402
      552.5	     0.517
      552.5	      0.69
      552.5	     0.747
      552.5	     0.805
      553.6	      1.38
      553.6	      1.78
      553.6	      2.18
      553.6	      2.47
      553.6	      2.64
      553.6	       2.7
      553.6	      2.76
      553.6	      2.82
      553.6	      2.87
      553.6	      2.99
      553.6	      3.05
      553.6	      3.28
      553.6	      3.45
      553.6	      3.56
      553.6	      3.62
      553.6	      3.79
      553.6	      3.91
      553.6	      4.14
      553.6	      4.31
      554.7	      4.89
      554.7	         5
      554.7	      5.06
      554.7	      5.17
      554.7	      5.29
      554.7	       5.4
      554.7	      5.46
      554.7	      5.52
      554.7	      5.63
      554.7	      5.69
      554.7	      5.75
      554.7	       5.8
      554.7	      5.86
      554.7	      6.26
      554.7	      6.78
      554.7	      6.95
      554.7	       7.3
      555.8	      7.87
      555.8	      7.99
      555.8	      8.62
      555.8	      8.56
      556.9	      7.99
      556.9	      7.87
      556.9	      7.59
      556.9	      7.41
      556.9	      7.36
      556.9	       7.3
      556.9	      7.13
      556.9	      7.07
      556.9	      7.01
      556.9	      6.95
      556.9	       6.9
      556.9	      6.84
      556.9	      6.38
      556.9	      6.32
      556.9	      6.26
      556.9	      6.09
        558	      5.52
        558	      5.34
        558	      5.17
        558	      5.11
        558	         5
      559.1	      4.43
      559.1	      4.37
      559.1	      4.31
      559.1	      4.08
      559.1	      3.97
      559.1	      3.85
      559.1	      3.74
      559.1	      3.56
      559.1	      3.51
      559.1	      3.45
      559.1	      3.22
      559.1	       3.1
      559.1	      2.99
      559.1	      2.93
      559.1	      2.82
      559.1	      2.76
      559.1	       2.7
      559.1	      2.64
      559.1	      2.53
      559.1	      2.41
      559.1	      2.24
      559.1	      2.01
      559.1	       1.9
      559.1	      1.78
      559.1	      1.61
      559.1	      1.44
      559.1	      1.26
      559.1	      1.21
      559.1	      1.15
      559.1	      1.03
      559.1	      0.92
      559.1	     0.747
      559.1	     0.575
      559.1	      0.46
      559.1	     0.402
      559.1	     0.172
      559.1	         0
      559.1	   -0.0575
      560.2	    -0.632
      560.2	    -0.805
      560.2	     -0.92
      560.2	     -1.03
      561.3	     -1.61
      561.3	     -1.84
      562.3	     -2.41
      563.4	     -2.93
      564.5	     -2.59
      566.7	     -2.01
      568.9	     -1.44
        570	     -1.15
      572.1	    -0.575
      576.5	         0
      576.5	     0.172
      576.5	     0.287
      576.5	     0.402
      577.6	     0.977
      577.6	      1.09
      578.7	      1.67
      578.7	      1.72
      578.7	      1.84
      578.7	      2.18
      578.7	      2.24
      578.7	      2.36
      578.7	      2.53
      578.7	      2.64
      578.7	       2.7
      578.7	      2.76
      578.7	      2.93
      578.7	       3.1
      578.7	      3.22
      578.7	      3.39
      579.7	      3.97
      579.7	       4.6
      579.7	      5.06
      579.7	      5.69
      579.7	      6.32
      580.8	      5.75
      580.8	      5.63
      580.8	      5.23
      580.8	      5.11
      581.9	      4.54
      581.9	      4.48
      581.9	      4.31
      581.9	      4.08
      581.9	      3.97
      581.9	      3.85
      581.9	      3.74
      581.9	      3.62
      581.9	      3.51
        583	      2.93
      584.1	      2.36
      584.1	      2.24
      584.1	      1.95
      584.1	      1.44
      588.4	      2.01
      589.5	      1.44
      590.6	     0.977
      591.7	     0.517
      592.8	         0
      593.9	    -0.402
        595	    -0.805
      599.3	     -0.46
      605.8	    -0.115
      614.5	   -0.0575
      618.9	         0
      618.9	    0.0575
        620	     0.632
      621.1	      1.21
      621.1	      1.32
      621.1	      1.38
      621.1	      1.44
      621.1	      1.55
      622.2	      2.13
      622.2	      2.18
      622.2	      2.53
      622.2	      3.16
      622.2	      3.33
      622.2	      3.56
      622.2	      3.79
      622.2	      4.08
      622.2	       4.2
      622.2	      4.25
      622.2	      4.37
      622.2	      4.43
      622.2	       4.6
      622.2	      4.71
      622.2	      4.77
      622.2	         5
      622.2	      5.17
      622.2	      5.23
      622.2	      5.29
      622.2	      5.46
      622.2	      5.52
      622.2	      5.57
      622.2	      5.69
      622.2	       5.8
      622.2	      5.92
      623.2	      6.49
      623.2	      7.01
      623.2	      7.59
      623.2	      7.47
      623.2	      7.36
      623.2	       7.3
      623.2	      7.13
      623.2	      6.84
      623.2	      6.72
      623.2	      6.61
      623.2	      6.38
      623.2	      6.32
      623.2	      6.21
      623.2	      6.15
      623.2	      5.98
      623.2	       5.8
      623.2	      5.63
      623.2	      5.52
      623.2	      5.46
      623.2	       5.4
      623.2	      5.34
      623.2	      5.23
      624.3	      4.66
      624.3	       4.6
      624.3	      3.97
      625.4	      3.39
      625.4	      3.22
      625.4	       3.1
      625.4	      2.99
      626.5	      2.41
      627.6	      1.84
      627.6	      1.49
      628.7	      1.21
      629.8	      0.69
      630.9	     0.345
      630.9	     0.402
        632	     0.977
        632	      1.15
        633	      1.72
        633	      1.78
        633	      2.24
        633	      2.41
        633	      2.59
        633	      2.93
        633	       3.1
        633	      3.39
        633	      3.45
        633	      3.51
        633	      3.56
        633	      3.62
        633	      3.79
        633	      3.91
        633	      4.08
        633	      4.25
        633	      4.43
        633	       4.6
        633	      4.77
        633	      4.89
        633	      4.94
        633	      5.11
        633	      5.29
        633	      5.34
        633	      5.46
        633	      5.63
        633	      5.86
        633	      6.03
        633	      6.21
        633	      6.38
        633	      6.49
        633	      6.61
      634.1	      7.18
      634.1	       7.3
      634.1	      7.41
      634.1	      7.59
      634.1	      7.76
      634.1	      7.87
      634.1	      7.99
      634.1	      8.05
      634.1	      8.68
      634.1	      8.79
      634.1	      9.08
      634.1	      9.54
      635.2	      10.1
      635.2	      10.4
      635.2	        11
      635.2	      11.6
      635.2	      12.2
      635.2	      12.1
      635.2	      11.9
      635.2	      11.7
      635.2	      11.4
      635.2	      11.3
      635.2	      11.1
      635.2	      10.8
      635.2	      10.6
      635.2	      10.3
      635.2	      9.94
      635.2	      9.77
      635.2	      9.71
      635.2	      9.54
      636.3	      8.97
      637.4	      8.39
      637.4	      8.22
      637.4	       8.1
      637.4	      7.99
      637.4	      7.76
      637.4	      7.24
      638.5	      6.72
      638.5	      6.49
      638.5	      6.38
      638.5	      6.21
      638.5	      6.03
      639.6	      5.46
      639.6	      5.11
      639.6	      4.94
      639.6	      4.83
      639.6	       4.6
      639.6	      4.43
      639.6	      4.25
      639.6	      4.08
      639.6	      3.97
      639.6	      3.85
      639.6	      3.62
      639.6	      3.51
      639.6	      3.39
      639.6	      3.22
      639.6	      3.05
      640.7	      2.47
      640.7	      2.07
      640.7	      1.78
      640.7	      1.55
      640.7	      1.44
      640.7	      1.32
      641.7	     0.747
      641.7	     0.172
      641.7	    -0.172
      642.8	    -0.747
      642.8	     -1.09
        645	    -0.747
      648.3	    -0.402
      653.7	    -0.115
      662.4	         0
      665.7	         0
      668.9	         0
      672.2	         0
      675.5	         0
      678.7	         0
        682	         0
      685.2	         0
      688.5	         0
      691.8	         0
        695	         0
      703.7	     0.115
      704.8	     0.575
      705.9	      1.15
      705.9	      1.26
      705.9	      1.38
      705.9	      1.49
      705.9	      1.61
      705.9	      1.78
      705.9	      1.95
      705.9	      2.07
      705.9	      2.18
      705.9	      2.36
      705.9	      2.47
      705.9	      2.53
      705.9	      2.64
      705.9	      2.76
      705.9	      2.93
      705.9	       3.1
      705.9	      3.22
      705.9	      3.28
        707	      3.85
        707	      4.37
        707	      4.54
        707	      4.66
        707	      4.71
        707	      4.89
        707	         5
        707	      5.11
        707	      5.17
        707	      5.29
        707	      5.46
        707	      5.63
        707	      5.75
        707	      5.86
        707	      6.03
        707	      6.15
        707	      6.32
        707	      6.38
        707	      6.49
        707	      6.67
        707	      6.84
        707	      7.01
        707	      7.18
        707	      7.36
        707	      7.47
        707	      7.64
        707	      7.76
        707	      7.87
      708.1	      8.45
      708.1	      8.62
      708.1	      9.02
      708.1	      10.1
      708.1	      10.5
      709.2	      9.89
      710.3	      9.31
      710.3	      9.25
      710.3	       9.2
      711.4	      9.02
      714.6	      9.43
      714.6	      8.51
      714.6	      8.39
      714.6	      8.22
      714.6	      8.05
      714.6	      7.87
      714.6	      7.76
      714.6	       7.7
      715.7	      7.13
      715.7	      6.49
      720.1	      5.98
      720.1	      5.86
      720.1	      5.69
      721.1	      5.11
      721.1	      4.94
      721.1	      4.83
      722.2	      4.25
      722.2	      4.14
      722.2	      4.02
      722.2	      3.91
      722.2	      3.74
      722.2	      3.56
      722.2	      3.45
      722.2	      3.33
      722.2	      3.16
      722.2	      2.93
      722.2	      2.76
      722.2	      2.64
      722.2	      2.59
      723.3	      2.01
      723.3	       1.9
      723.3	      1.72
      723.3	      1.55
      723.3	      1.44
      723.3	      1.32
      723.3	     0.977
      723.3	      0.92
      723.3	     0.345
      723.3	      0.23
      724.4	    -0.345
      725.5	     -0.92
      725.5	     -1.09
      726.6	     -1.67
      727.7	     -2.01
      728.8	     -2.41
      730.9	     -1.67
        732	     -1.21
        732	     -0.69
      733.1	    -0.862
      737.5	     -1.44
      739.6	    -0.977
      741.8	    -0.517
      749.4	    -0.115
      754.9	    0.0575
      754.9	     0.172
      754.9	     0.345
      755.9	      0.92
        757	      1.38
      758.1	      1.84
      759.2	      2.24
      760.3	      2.59
      761.4	      2.87
      762.5	      3.16
      763.6	      3.56
      764.6	      4.02
      765.7	       4.6
      765.7	      4.89
      765.7	      5.06
      765.7	      5.63
      765.7	      6.21
      765.7	      6.67
      765.7	      8.05
      765.7	      8.28
      765.7	      9.14
      766.8	      7.99
      766.8	      7.24
      767.9	      6.49
      767.9	      6.38
      767.9	      5.75
      767.9	      5.63
      767.9	         5
      767.9	      4.66
      767.9	      4.02
      767.9	      3.39
      767.9	      3.56
      767.9	      3.62
        769	       4.2
        769	      4.37
        769	      4.54
        769	      5.06
        769	      5.23
        769	      5.86
        769	      5.92
        769	      5.98
        769	      6.03
      770.1	      6.61
      771.2	      7.18
      771.2	       7.3
      771.2	      7.36
      771.2	      7.41
      771.2	      7.47
      771.2	      7.53
      771.2	      7.59
      771.2	       7.7
      771.2	      7.76
      771.2	      7.87
      771.2	      7.99
      772.3	      8.56
      772.3	      9.14
      772.3	      9.54
      772.3	      9.89
      772.3	      10.3
      772.3	      10.1
      773.4	      9.54
      774.4	      8.97
      774.4	      8.85
      774.4	      8.68
      774.4	      8.39
      774.4	      8.16
      775.5	      7.59
      776.6	      7.01
      777.7	      6.44
      777.7	      6.32
      777.7	      6.21
      777.7	      6.15
      777.7	      6.09
      777.7	      6.03
      777.7	      5.98
      777.7	      5.92
      777.7	      5.86
      777.7	       5.8
      777.7	      5.69
      777.7	      5.57
      777.7	      5.46
      777.7	       5.4
      777.7	      5.34
      777.7	      5.29
      777.7	      5.23
      777.7	      5.17
      777.7	      5.11
      777.7	         5
      777.7	      4.89
      777.7	      4.77
      777.7	      4.71
      777.7	       4.6
      777.7	      4.43
      777.7	      4.25
      777.7	      4.08
      777.7	      3.97
      777.7	      3.85
      777.7	      3.74
      777.7	      3.62
      777.7	      3.51
      777.7	      3.45
      777.7	      3.39
      777.7	      3.28
      777.7	      2.93
      777.7	      2.64
      777.7	      2.53
      777.7	      2.47
      777.7	      2.41
      777.7	      2.18
      777.7	      1.95
      777.7	      1.61
      778.8	      1.03
      779.9	      0.46
        781	    -0.115
        781	     -0.46
        781	    -0.632
      782.1	     -1.21
      782.1	     -1.44
      782.1	     -1.49
      783.1	     -2.07
      784.2	     -2.53
      784.2	     -1.49
      784.2	    -0.862
      784.2	    -0.287
      785.3	     0.287
      785.3	     0.345
      786.4	      0.92
      786.4	      1.21
      786.4	      1.38
      786.4	      1.55
      786.4	      1.61
      786.4	      2.07
      786.4	      2.24
      786.4	       2.3
      786.4	      2.59
      787.5	      3.16
      787.5	      3.39
      787.5	      3.45
      787.5	      3.56
      788.6	      4.14
      789.7	      4.71
      789.7	      4.94
      789.7	      5.17
      789.7	      5.23
      790.8	       5.8
      790.8	      5.98
      790.8	      6.09
      790.8	      6.21
      790.8	      6.55
      790.8	      6.67
      790.8	      6.72
      790.8	      7.01
      790.8	      7.18
      790.8	      7.64
      790.8	      7.76
      790.8	      7.87
      791.8	      8.45
      792.9	      9.02
      792.9	       9.2
      792.9	      9.25
      792.9	      9.31
      792.9	      9.37
      792.9	      9.54
      792.9	      9.66
      792.9	      9.71
      792.9	      9.77
      792.9	      9.94
      792.9	        10
      792.9	      10.1
      792.9	      10.2
      792.9	      10.4
      792.9	      10.5
      792.9	      10.5
      792.9	      10.6
      792.9	      10.6
      792.9	      10.7
      792.9	      11.2
      792.9	      11.4
      792.9	      11.4
      792.9	      11.7
      792.9	      11.8
      795.1	      12.4
        794	      11.6
        794	      11.4
        794	      11.2
      795.1	      10.6
      795.1	      10.5
      795.1	      10.1
      795.1	      10.1
      795.1	        10
      796.2	      9.43
      796.2	      9.14
      796.2	      9.08
      796.2	      9.02
      796.2	      8.91
      796.2	      8.74
      796.2	      8.68
      796.2	      8.56
      796.2	      8.39
      797.3	      7.82
      797.3	      7.76
      798.4	      7.18
      798.4	      7.13
      798.4	      7.01
      798.4	      6.61
      798.4	      6.32
      798.4	      6.21
      798.4	      6.15
      798.4	      5.86
      798.4	       5.8
      798.4	      5.69
      798.4	      5.63
      799.5	      5.06
      799.5	      4.89
      799.5	      4.71
      799.5	      4.43
      799.5	      4.37
      799.5	      4.02
      799.5	      3.85
      799.5	      3.79
      800.5	      3.22
      800.5	      3.16
      800.5	       3.1
      800.5	      3.05
      800.5	      2.99
      800.5	      2.64
      800.5	      2.59
      801.6	      2.01
      801.6	      1.84
      801.6	      1.78
      801.6	      1.61
      801.6	      1.55
      801.6	      1.49
      801.6	      1.44
      801.6	      1.32
      801.6	      1.21
      801.6	      1.15
      801.6	      1.09
      801.6	      1.03
      801.6	     0.977
      801.6	      0.92
      801.6	     0.862
      801.6	     0.805
      801.6	     0.747
      801.6	      0.69
      801.6	     0.632
      802.7	    0.0575
      802.7	    -0.402
      802.7	     -0.92
      802.7	    -0.747
      802.7	     -0.69
      802.7	    -0.632
      802.7	    -0.575
      803.8	         0
      803.8	     0.115
      803.8	      0.23
      803.8	     0.287
      803.8	     0.345
      803.8	     0.402
      803.8	     0.517
      804.9	      1.09
      804.9	      1.15
        806	      1.72
        806	      2.01
        806	      2.13
        806	      2.24
        806	      2.36
        806	      2.53
        806	      2.64
        806	      2.76
        806	      2.87
        806	      2.93
        806	       3.1
        806	      3.28
        806	      3.39
        806	      3.45
        806	      3.62
        806	      3.68
        806	      3.74
        806	      3.85
        806	      4.02
        806	      4.25
        806	      4.31
        806	      4.54
        806	      4.66
        806	      5.06
        806	      5.23
        806	      5.34
      807.1	      5.92
      807.1	      6.26
      807.1	      6.84
      807.1	      6.72
      807.1	      6.55
      807.1	      6.44
      807.1	      6.21
      807.1	      6.09
      807.1	      6.03
      807.1	      5.86
      807.1	      5.69
      807.1	      5.57
      807.1	      5.52
      807.1	       5.4
      807.1	      5.34
      807.1	      5.23
      807.1	      5.17
      807.1	      5.11
      807.1	      5.06
      807.1	         5
      807.1	      4.83
      807.1	      4.77
      807.1	      4.71
      808.2	      4.14
      809.2	      3.56
      810.3	      2.99
      810.3	      2.87
      810.3	      2.82
      810.3	      2.76
      811.4	      2.18
      811.4	      2.13
      812.5	      1.55
      813.6	      1.03
      813.6	     0.862
      814.7	     0.402
      816.9	    -0.172
      817.9	    -0.575
      820.1	     -1.15
      822.3	     -1.72
      823.4	      -2.3
      823.4	     -2.18
      825.6	     -1.67
      827.7	     -1.09
      828.8	    -0.517
      828.8	   -0.0575
      828.8	         0
      828.8	    0.0575
      829.9	     0.632
      829.9	      0.69
        831	      1.26
        831	      1.38
        831	      1.44
        831	      1.55
        831	      1.78
        831	      1.95
        831	      2.07
      832.1	      2.64
      832.1	       3.1
      832.1	      3.56
      832.1	      3.62
      832.1	      4.08
      832.1	       4.2
      832.1	      4.31
      832.1	      4.66
      832.1	      4.83
      832.1	      4.89
      832.1	         5
      832.1	      5.17
      832.1	      5.23
      832.1	       5.4
      832.1	      5.57
      832.1	      5.92
      832.1	      6.15
      832.1	      6.38
      833.2	      6.95
      834.3	      7.53
      834.3	      7.82
      834.3	      7.59
      834.3	      6.49
      834.3	      6.21
      834.3	      5.92
      834.3	      5.69
      835.4	      5.06
      836.4	      4.48
      836.4	      4.31
      836.4	      4.14
      836.4	      4.02
      836.4	      3.97
      837.5	      3.39
      838.6	      2.82
      838.6	      2.76
      839.7	      2.18
      839.7	      1.84
      839.7	      1.61
      839.7	      1.49
      839.7	      1.44
      839.7	      1.38
      840.8	     0.805
      840.8	     0.632
      840.8	     0.115
      845.1	   -0.0575
      845.1	    0.0575
      845.1	      0.69
      846.2	     0.172
      847.3	    -0.287
      847.3	    -0.115
      848.4	      0.46
      849.5	      1.03
      850.6	      1.44
      852.8	      0.92
      853.8	     0.632
      854.9	     0.345
        856	     0.805
      857.1	      1.21
      858.2	      1.61
      859.3	      2.01
      860.4	      1.67
      861.5	      1.26
      862.5	     0.862
      862.5	      0.92
      863.6	      1.49
      864.7	      2.07
      864.7	      2.64
      865.8	      2.18
      866.9	      1.67
        868	      1.09
      869.1	     0.517
      869.1	      0.23
      870.2	     0.805
      871.2	      1.38
      872.3	      1.95
      872.3	      2.18
      873.4	      1.78
      874.5	      1.49
      875.6	      1.03
      879.9	      0.46
      879.9	      0.23
        881	     0.805
      882.1	      1.38
      882.1	      1.55
      882.1	      1.67
      882.1	      1.84
      882.1	       1.9
      882.1	      1.95
      882.1	      2.01
      882.1	      2.07
      882.1	      2.36
      882.1	      2.47
      882.1	      2.59
      882.1	       2.7
      882.1	      2.76
      882.1	      2.99
      882.1	      3.16
      882.1	      3.28
      882.1	      3.45
      882.1	      3.56
      882.1	      3.62
      882.1	      3.79
      882.1	      3.85
      882.1	      3.97
      882.1	      4.14
      882.1	      4.37
      882.1	      4.54
      882.1	      4.71
      882.1	      4.83
      882.1	      4.89
      882.1	      5.06
      882.1	      5.17
      882.1	      5.29
      882.1	      5.46
      882.1	      5.63
      883.2	      6.21
      883.2	      6.32
      883.2	      6.44
      883.2	      6.72
      883.2	       6.9
      883.2	      7.01
      883.2	      7.07
      883.2	      7.18
      883.2	      7.24
      884.3	      7.82
      884.3	      8.45
      884.3	      8.79
      884.3	      9.43
      884.3	      9.31
      884.3	      9.14
      884.3	      8.91
      885.4	      8.33
      885.4	      8.28
      885.4	       8.1
      886.5	      7.53
      887.6	      7.13
      888.6	      6.78
      889.7	      6.38
      890.8	      5.98
        893	       5.4
      894.1	      5.11
      895.2	      4.83
      895.2	      4.54
      896.3	      3.97
      897.3	      3.39
      897.3	      3.28
      897.3	       3.1
      897.3	      2.93
      898.4	      2.36
      898.4	      2.24
      898.4	      2.07
      899.5	      1.49
      899.5	      1.32
      900.6	     0.747
      901.7	      0.23
      902.8	   -0.0575
        905	    -0.632
      907.1	     -1.21
      908.2	     -1.78
      909.3	     -2.36
      909.3	     -2.82
      909.3	      -2.7
      910.4	     -2.18
      910.4	     -1.61
      910.4	     -1.15
      911.5	    -0.575
      911.5	    -0.345
      911.5	    -0.115
      911.5	     0.517
      911.5	     0.575
      911.5	     0.747
      911.5	     0.862
      911.5	      1.44
      911.5	      1.61
      911.5	      1.67
      911.5	       1.9
      911.5	      1.95
      911.5	      2.01
      911.5	      2.07
      911.5	      2.18
      911.5	       2.3
      911.5	      2.76
      911.5	      2.82
      911.5	      2.99
      911.5	      3.05
      911.5	      3.16
      911.5	      3.22
      911.5	      3.28
      911.5	      3.39
      911.5	      3.45
      911.5	      3.51
      911.5	      3.62
      911.5	      3.85
      911.5	       4.2
      911.5	      4.25
      911.5	      4.54
      911.5	      4.89
      911.5	      4.94
      911.5	         5
      911.5	      5.17
      911.5	      5.46
      911.5	      5.52
      912.6	      6.09
      912.6	      6.15
      912.6	      6.78
      912.6	      6.44
      912.6	      6.38
      912.6	      6.26
      912.6	      5.98
      912.6	      5.86
      912.6	       5.8
      912.6	      5.69
      913.7	      5.11
      914.8	      4.54
      915.8	      3.97
      915.8	      3.62
      916.9	      3.05
      916.9	      2.99
        918	       2.7
      919.1	      2.41
      920.2	      2.13
      922.4	      1.61
      923.5	      1.32
      923.5	      1.78
      923.5	      1.72
      923.5	      1.67
      923.5	      1.55
      924.5	     0.977
      925.6	     0.402
      926.7	    -0.172
      927.8	    -0.747
      928.9	     -1.32
      928.9	     -1.44
      928.9	     -1.72
        930	     -1.15
        930	    -0.977
        930	     -0.92
        930	    -0.575
      931.1	         0
      931.1	    0.0575
      931.1	     0.115
      932.2	      0.69
      932.2	      1.26
      932.2	      1.38
      932.2	      1.44
      932.2	      1.72
      932.2	      1.78
      932.2	      2.01
      932.2	      2.07
      932.2	      2.64
      932.2	      2.93
      932.2	      2.99
      932.2	      3.45
      932.2	      3.51
      932.2	      3.79
      932.2	      4.25
      932.2	      4.43
      932.2	      4.54
      932.2	      4.77
      932.2	      4.94
      932.2	      5.06
      932.2	      5.17
      932.2	      5.34
      932.2	      5.57
      932.2	      5.75
      932.2	      5.86
      932.2	      5.92
      932.2	      6.15
      932.2	      6.32
      932.2	      6.49
      932.2	      6.61
      932.2	      6.78
      932.2	      6.95
      932.2	      7.13
      932.2	       7.3
      932.2	      7.47
      932.2	      7.59
      932.2	      7.76
      932.2	      7.87
      932.2	      8.05
      932.2	      8.22
      932.2	      8.39
      932.2	      8.51
      932.2	      8.62
      932.2	      8.79
      932.2	      8.97
      932.2	      9.02
      932.2	      9.14
      932.2	      9.31
      932.2	      9.54
      932.2	      9.71
      932.2	      9.94
      932.2	      10.1
      932.2	      10.2
      932.2	      10.2
      933.2	      10.8
      933.2	        11
      933.2	      11.1
      933.2	      11.3
      933.2	      11.4
      933.2	      11.6
      933.2	      11.7
      933.2	      11.8
      933.2	        12
      933.2	      12.1
      933.2	      12.2
      933.2	      12.5
      933.2	      12.6
      934.3	      13.1
      934.3	      13.3
      934.3	      13.4
      935.4	        14
      935.4	      14.1
      935.4	      14.3
      935.4	      14.8
      935.4	      15.3
      935.4	      15.2
      935.4	        15
      935.4	      14.7
      935.4	      14.4
      935.4	      14.1
      936.5	      13.6
      937.6	        13
      937.6	      12.8
      937.6	      12.6
      938.7	      12.1
      938.7	      11.9
      938.7	      11.7
      938.7	      11.6
      938.7	      11.4
      938.7	      11.3
      938.7	      11.2
      938.7	        11
      938.7	      10.9
      938.7	      10.7
      939.8	      10.1
      940.9	      9.54
      940.9	      9.31
      940.9	      8.85
      940.9	      8.74
      940.9	      8.33
      941.9	      7.76
      941.9	      7.53
      941.9	      7.47
      941.9	      7.41
      941.9	      6.95
      941.9	      6.84
      941.9	      6.61
      941.9	      6.55
      941.9	      6.44
        943	      5.86
        943	       5.8
        943	      5.69
        943	      5.63
        943	      5.57
        943	      5.46
        943	      5.34
        943	      5.29
        943	      5.23
        943	      5.17
        943	      5.11
        943	      4.89
        943	      4.77
        943	      4.37
        943	      3.79
      944.1	      3.22
      944.1	      3.05
      944.1	      2.99
      944.1	      2.82
      944.1	      2.76
      944.1	      2.59
      944.1	      2.41
      944.1	       2.3
      945.2	      1.72
      945.2	      1.61
      945.2	      1.49
      945.2	      1.38
      945.2	      1.32
      945.2	      1.26
      946.3	      0.69
      946.3	     0.517
      946.3	      0.23
      946.3	    0.0575
      946.3	   -0.0575
      946.3	    -0.287
      946.3	     -0.46
      946.3	     -0.69
      946.3	     -1.03
      946.3	     -1.21
      947.4	     -1.78
      948.5	     -2.36
      948.5	     -2.87
      948.5	     -2.82
      948.5	     -2.64
      948.5	     -2.53
      948.5	     -2.47
      949.6	     -1.78
      949.6	     -1.72
      949.6	     -1.38
      949.6	     -0.92
      950.6	    -0.345
      950.6	    -0.172
      950.6	   -0.0575
      950.6	         0
      950.6	    0.0575
      950.6	     0.402
      951.7	     0.977
      951.7	      1.09
      951.7	      1.15
      951.7	      1.21
      951.7	      1.32
      951.7	      1.38
      951.7	      1.55
      951.7	      1.61
      951.7	      1.72
      951.7	      2.01
      951.7	      2.07
      951.7	      2.18
      951.7	      2.24
      951.7	      2.36
      951.7	      2.41
      951.7	      2.47
      951.7	      2.87
      951.7	      2.93
      951.7	      2.99
      951.7	      3.33
      951.7	      3.85
      951.7	      3.91
      951.7	      4.08
      951.7	      4.14
      951.7	      4.31
      951.7	      4.48
      951.7	       4.6
      951.7	      4.77
      951.7	      4.89
      951.7	      4.94
      951.7	         5
      951.7	      5.11
      951.7	      5.17
      951.7	      5.34
      951.7	       5.4
      951.7	      5.46
      951.7	      5.57
      952.8	      6.15
      952.8	      6.38
      952.8	       6.9
      952.8	      7.24
      953.9	      6.72
        955	      6.21
      956.1	      5.63
      956.1	      5.46
      956.1	      5.34
      957.2	      4.83
      957.2	      4.66
      957.2	      4.54
      957.2	      4.37
      958.3	      3.79
      958.3	      3.74
      958.3	      3.68
      959.3	       3.1
      959.3	      3.05
      959.3	      2.87
      960.4	       2.3
      961.5	      1.72
      961.5	      1.49
      962.6	      0.92
      962.6	     0.747
      962.6	      0.69
      963.7	     0.115
      964.8	     -0.46
      965.9	    -0.977
      965.9	    -0.862
        967	    -0.287
        968	     0.287
      969.1	     0.862
      970.2	      1.44
      971.3	      2.01
      972.4	      2.59
      973.5	      3.16
      973.5	      3.51
      973.5	      4.08
      973.5	      4.43
      974.6	      3.85
      975.7	      3.28
      976.8	       2.7
      976.8	      2.59
      976.8	      2.36
      976.8	      2.13
      977.8	      1.61
      978.9	      1.03
      978.9	     0.977
        980	     0.402
      981.1	   -0.0575
      982.2	    -0.575
      983.3	     -1.09
      984.4	     -1.61
      985.5	     -2.13
      986.5	     -2.64
      986.5	     -2.76
      988.7	     -2.18
      990.9	     -1.61
        992	     -1.15
      993.1	     -0.92
      996.3	    -0.402
      998.5	         0
      998.5	     0.115
      998.5	      0.23
      998.5	     0.287
      999.6	     0.862
      999.6	      1.09
      999.6	      1.21
      999.6	      1.32
      999.6	      1.67
      999.6	      1.95
      999.6	      2.13
      999.6	       2.3
      999.6	      2.41
      999.6	      2.47
      999.6	      2.53
      999.6	      2.59
      999.6	       2.7
      999.6	      2.82
      999.6	      2.87
      999.6	      2.93
      999.6	      3.05
      999.6	       3.1
      999.6	      3.16
      999.6	      3.22
      999.6	      3.28
      999.6	      3.39
      999.6	      3.56
      999.6	      3.68
      999.6	      3.74
      999.6	      3.85
      999.6	      3.97
      999.6	      4.14
      999.6	      4.31
      999.6	      4.43
      999.6	       4.6
      999.6	      4.77
      999.6	      4.89
      999.6	      5.06
      999.6	      5.17
      999.6	      5.29
      999.6	       5.4
      999.6	      5.57
      999.6	      5.75
      999.6	      5.86
       1001	      6.44
       1001	      6.95
       1001	      7.13
       1001	      7.24
       1001	      7.41
       1001	      7.53
       1001	      7.64
       1001	       7.7
       1001	      7.82
       1001	      7.99
       1001	      8.16
       1001	      8.28
       1001	      8.45
       1001	      8.62
       1001	      8.79
       1001	      8.91
       1001	      9.02
       1001	      9.14
       1001	      9.31
       1001	      9.94
       1001	      10.2
       1002	      10.8
       1002	      11.1
       1002	      11.1
       1002	        11
       1002	      10.6
       1002	      10.4
       1002	      10.2
       1004	      9.71
       1005	      9.48
       1007	      9.08
       1008	      8.62
       1009	       8.1
       1010	      7.59
       1012	      7.07
       1013	      6.55
       1013	      6.44
       1014	      5.92
       1015	      5.34
       1016	      4.77
       1016	      4.54
       1017	      3.97
       1018	      3.39
       1018	      2.76
       1018	       2.3
       1018	      2.18
       1018	      2.13
       1018	      2.07
       1018	      2.01
       1018	       1.9
       1019	      1.32
       1019	      1.26
       1019	      0.69
       1020	     0.115
       1021	     -0.46
       1022	     -1.03
       1022	     -1.15
       1024	     -1.67
       1027	     -2.24
       1028	     -1.78
       1029	     -1.21
       1029	     -1.09
       1030	    -0.517
       1030	    -0.402
       1030	    -0.345
       1030	     -0.23
       1031	     0.345
       1031	     0.402
       1031	     0.632
       1032	      1.21
       1032	      1.26
       1032	      1.38
       1032	      1.44
       1032	      1.49
       1032	      1.67
       1032	      1.72
       1032	      1.84
       1032	       1.9
       1032	      1.95
       1032	      2.01
       1032	      2.18
       1032	       2.3
       1032	      2.36
       1033	      2.93
       1033	      2.99
       1033	      3.28
       1033	      3.45
       1033	      3.51
       1033	      3.62
       1033	      3.68
       1033	      4.14
       1033	       4.2
       1033	      4.25
       1033	      4.31
       1033	      4.37
       1033	      4.48
       1033	      4.54
       1033	      4.71
       1033	      4.77
       1033	      5.06
       1033	      5.52
       1033	      5.63
       1033	      5.69
       1033	      5.75
       1034	      6.32
       1034	      6.38
       1034	      6.61
       1034	      6.72
       1034	      6.78
       1034	       7.3
       1034	      7.36
       1035	      7.93
       1035	       8.1
       1035	      8.74
       1035	      8.45
       1035	      8.28
       1037	      7.59
       1038	      7.01
       1040	      6.49
       1041	      5.92
       1041	      5.75
       1041	      5.57
       1041	      5.46
       1041	      5.34
       1041	      5.23
       1041	      5.06
       1042	      4.48
       1043	      3.91
       1043	      3.62
       1043	      3.39
       1044	      2.82
       1045	      2.24
       1046	      1.72
       1046	      1.61
       1047	      1.09
       1049	     0.517
       1050	         0
       1050	     0.172
       1050	      0.23
       1050	     0.345
       1051	      0.92
       1052	      1.49
       1052	      1.78
       1052	       2.3
       1053	       1.9
       1054	      1.49
       1055	      1.09
       1056	      0.69
       1057	     0.287
       1058	    -0.115
       1059	    -0.517
       1061	    -0.977
       1062	     -1.44
       1063	     -2.01
       1063	     -2.13
       1063	      -1.9
       1063	     -1.72
       1063	     -1.67
       1063	     -1.55
       1063	     -1.44
       1063	     -1.26
       1063	     -1.09
       1064	    -0.575
       1065	         0
       1066	     0.575
       1067	      1.15
       1067	      1.49
       1067	      1.72
       1067	      1.84
       1067	       1.9
       1067	      2.13
       1067	       2.3
       1067	      2.36
       1067	      2.41
       1067	      2.47
       1068	      3.05
       1068	      3.16
       1068	      3.28
       1068	      3.39
       1068	      3.56
       1068	      3.74
       1068	      3.79
       1068	      3.85
       1069	      4.43
       1069	      4.77
       1070	      4.48
       1071	      3.91
       1071	      3.85
       1071	      3.79
       1071	      3.74
       1072	      3.16
       1074	      2.64
       1074	      2.47
       1074	      2.36
       1074	      2.18
       1074	      2.13
       1075	      1.55
       1075	      1.49
       1076	      0.92
       1077	     0.345
       1077	   -0.0575
       1078	    -0.402
       1079	    -0.805
       1080	     -1.15
       1081	     -0.69
       1082	    -0.115
       1083	      0.46
       1084	      1.03
       1086	      0.46
       1087	    -0.115
       1088	     -0.69
       1089	     -1.09
       1090	     -1.55
       1091	     -1.84
       1092	     -1.38
       1095	    -0.805
       1099	    -0.287
       1100	   -0.0575
       1100	    0.0575
       1100	      0.23
       1101	     0.805
       1101	      0.92
       1101	      1.09
       1101	      1.21
       1101	      1.32
       1101	      1.44
       1101	      1.55
       1101	      1.72
       1101	       1.9
       1101	      2.13
       1101	       2.3
       1101	      2.41
       1101	      2.59
       1101	       2.7
       1101	      2.82
       1101	      2.99
       1101	      3.16
       1101	      3.33
       1101	      3.51
       1101	      3.62
       1101	      3.74
       1101	      3.91
       1101	      4.02
       1101	      4.08
       1101	       4.2
       1101	      4.37
       1101	      4.54
       1101	      4.66
       1101	      4.71
       1101	      4.89
       1101	      5.06
       1101	      5.23
       1102	       5.8
       1103	      6.32
       1103	      7.64
       1103	      7.76
       1103	      8.39
       1103	      9.02
       1103	      9.48
       1103	      10.1
       1103	      10.7
       1103	      11.3
       1103	      11.2
       1103	      11.1
       1104	      10.5
       1104	      10.1
       1104	      9.48
       1104	      9.31
       1104	      8.85
       1104	      8.62
       1104	      8.33
       1104	      8.28
       1105	       7.7
       1106	      7.13
       1106	       6.9
       1106	      6.26
       1106	      6.38
       1107	      6.95
       1107	      7.13
       1108	       7.7
       1108	      8.28
       1108	      8.45
       1108	      8.79
       1108	      8.85
       1108	       9.2
       1109	      9.77
       1109	      9.94
       1109	      10.1
       1109	      10.2
       1111	      10.7
       1111	      10.9
       1112	      11.4
       1112	        12
       1112	      12.6
       1112	      13.6
       1112	      13.8
       1112	      14.3
       1112	      14.8
       1112	      14.7
       1112	      14.5
       1112	      14.1
       1112	      13.9
       1114	      12.8
       1114	      12.5
       1114	      12.1
       1114	      12.2
       1114	      12.3
       1115	      12.8
       1119	      12.2
       1119	      11.7
       1119	      11.7
       1119	      11.2
       1119	      10.7
       1119	      10.6
       1119	      10.5
       1119	      10.4
       1119	      10.3
       1119	      10.2
       1119	        10
       1119	      9.83
       1119	      9.66
       1119	      9.48
       1119	      9.31
       1119	       9.2
       1119	      9.08
       1119	      8.91
       1119	      8.79
       1119	      8.62
       1119	      8.45
       1120	      7.87
       1120	      7.82
       1120	       7.7
       1120	      7.59
       1120	      7.53
       1120	      7.41
       1120	      7.24
       1120	      7.18
       1120	      7.07
       1120	       6.9
       1121	      6.32
       1121	      6.09
       1121	      5.86
       1123	      5.34
       1123	      5.23
       1123	      5.11
       1123	      4.94
       1123	      4.77
       1123	      4.66
       1123	      4.48
       1123	      4.25
       1123	      4.08
       1123	      3.91
       1124	      3.33
       1124	      2.76
       1124	      2.13
       1127	      1.61
       1128	      1.26
       1129	     0.862
       1131	     0.402
       1133	    -0.172
       1136	    -0.747
       1137	     -1.09
       1139	     -1.44
       1140	     -1.84
       1141	     -2.36
       1142	     -2.76
       1143	     -3.22
       1144	     -3.62
       1145	     -4.14
       1146	     -4.71
       1146	        -5
       1146	     -5.63
       1146	     -6.26
       1146	     -6.15
       1146	     -5.98
       1146	      -5.8
       1146	     -5.46
       1146	     -5.34
       1146	     -5.17
       1146	     -5.06
       1146	     -4.89
       1148	     -4.14
       1149	     -3.56
       1149	     -3.33
       1149	      -3.1
       1150	     -2.53
       1150	      -2.3
       1151	     -1.72
       1152	     -1.26
       1153	    -0.805
       1154	    -0.287
       1155	      0.23
       1156	     0.747
       1156	      0.92
       1156	      1.03
       1156	      1.09
       1156	      1.26
       1156	      1.38
       1156	      1.44
       1157	      2.01
       1157	      2.24
       1157	      2.41
       1157	      2.53
       1157	      2.64
       1158	      3.22
       1158	      3.39
       1158	      3.51
       1158	      3.68
       1158	      3.74
       1159	      4.31
       1159	      4.37
       1159	       4.6
       1159	      4.83
       1159	      4.89
       1159	      4.94
       1159	         5
       1159	      5.23
       1159	      5.29
       1159	      5.34
       1159	      5.46
       1159	      5.69
       1159	      5.75
       1159	       5.8
       1159	      5.86
       1159	      6.26
       1159	      6.32
       1159	      6.38
       1159	      6.61
       1159	      6.67
       1159	       6.9
       1159	      7.01
       1159	      7.13
       1159	      7.18
       1159	      7.24
       1159	       7.3
       1159	      7.64
       1161	      8.22
       1161	      8.79
       1161	      9.25
       1161	      9.77
       1161	      10.3
       1161	      10.2
       1161	        10
       1161	      9.71
       1161	       9.6
       1161	      9.54
       1161	      9.43
       1161	      9.08
       1161	      8.91
       1161	      8.68
       1161	      8.56
       1161	      8.39
       1161	      8.33
       1161	      8.05
       1161	      7.99
       1161	      7.93
       1161	      7.87
       1161	      7.82
       1161	       7.7
       1161	      7.64
       1161	      7.59
       1161	      7.41
       1161	      7.36
       1161	       7.3
       1161	      7.24
       1161	      7.13
       1161	      7.07
       1161	      7.01
       1161	       6.9
       1161	      6.72
       1161	      6.61
       1162	      6.03
       1163	      5.46
       1163	      5.17
       1164	       4.6
       1165	      4.02
       1165	      3.91
       1166	       4.2
       1168	      4.71
       1169	      4.43
       1171	      3.85
       1173	      4.43
       1173	      4.48
       1174	      5.06
       1174	      5.11
       1175	      5.69
       1175	      5.75
       1175	       5.8
       1175	      6.03
       1176	      6.61
       1176	      6.67
       1176	       7.3
       1176	      7.76
       1177	      8.33
       1177	      8.97
       1177	      9.25
       1177	      9.77
       1177	      9.66
       1177	      9.48
       1178	      8.91
       1178	      8.85
       1178	      8.74
       1178	      8.68
       1178	      8.51
       1178	      8.45
       1178	      8.28
       1178	      7.99
       1178	      7.87
       1178	      7.82
       1178	      7.36
       1178	       7.3
       1178	      7.07
       1179	      6.49
       1179	      6.38
       1179	      6.21
       1179	      6.15
       1179	      6.09
       1179	      5.92
       1179	       5.8
       1179	      5.69
       1179	      5.63
       1179	      5.52
       1179	      5.17
       1179	      5.11
       1179	       4.6
       1179	      4.54
       1179	      4.37
       1180	      3.79
       1181	      3.22
       1181	      3.16
       1182	      2.59
       1182	      2.36
       1183	      1.84
       1185	      1.32
       1187	      1.84
       1188	      2.13
       1190	       2.7
       1191	      2.99
       1191	      2.93
       1191	      2.87
       1191	      2.76
       1191	      2.59
       1191	      2.53
       1191	      2.47
       1192	       1.9
       1192	      1.84
       1193	      1.26
       1194	      0.69
       1196	     0.172
       1196	      0.23
       1196	     0.345
       1196	      0.46
       1196	     0.517
       1198	      1.09
       1198	      1.26
       1198	      1.32
       1198	      1.49
       1199	      2.07
       1199	      2.13
       1199	      2.24
       1200	      2.82
       1200	      2.93
       1200	      2.99
       1200	       3.1
       1201	      3.68
       1201	      3.85
       1201	      3.91
       1201	      4.25
       1201	      4.43
       1202	         5
       1202	      5.23
       1202	      5.29
       1202	      5.34
       1202	       5.4
       1202	      5.46
       1202	      5.63
       1202	      5.98
       1202	      6.21
       1202	      6.32
       1202	      6.44
       1202	      6.55
       1202	      7.01
       1203	      7.59
       1203	      7.76
       1203	      8.33
       1203	      8.85
       1203	      9.48
       1203	      9.37
       1203	      9.14
       1203	      8.97
       1203	      8.74
       1203	      8.56
       1203	      8.45
       1203	      8.16
       1203	      7.93
       1203	      7.47
       1203	      7.36
       1204	      6.78
       1205	      6.21
       1206	      5.63
       1206	       5.4
       1207	      4.83
       1207	      4.66
       1207	       4.6
       1208	      4.02
       1208	      3.68
       1208	       3.1
       1210	      3.68
       1211	      4.25
       1212	      4.83
       1213	       5.4
       1213	      5.69
       1213	      5.63
       1213	      5.34
       1213	      5.17
       1213	      5.11
       1213	      5.06
       1213	      4.89
       1213	      4.83
       1213	      4.77
       1213	      4.66
       1213	      4.54
       1213	      4.48
       1213	      3.91
       1213	      3.85
       1213	      3.45
       1213	      3.22
       1214	      2.64
       1214	      2.47
       1215	       1.9
       1216	      1.32
       1217	     0.747
       1218	      0.23
       1224	     0.575
       1226	     0.115
       1227	    -0.115
       1228	     0.287
       1229	      0.69
       1230	      1.21
       1231	      1.67
       1232	      2.01
       1233	       2.3
       1235	      1.95
       1236	      1.61
       1237	      1.21
       1238	     0.805
       1239	     0.402
       1240	    -0.115
       1241	     -0.69
       1243	     -1.15
       1244	    -0.747
       1245	    -0.172
       1246	     0.402
       1246	     0.632
       1246	     0.805
       1248	      1.38
       1248	      1.44
       1249	      2.01
       1249	      2.13
       1249	      2.24
       1249	       2.3
       1249	      2.64
       1249	      2.76
       1249	      3.28
       1249	      3.51
       1249	      4.08
       1249	       4.2
       1249	      4.66
       1249	      4.71
       1249	      4.94
       1249	      5.06
       1249	      5.23
       1249	       5.4
       1249	      5.63
       1249	      5.86
       1249	      6.03
       1249	      6.21
       1249	      6.32
       1250	       6.9
       1250	      7.07
       1251	      7.64
       1252	      8.22
       1252	      8.39
       1252	      8.51
       1252	      8.68
       1252	      8.85
       1252	      8.91
       1253	      9.48
       1253	      9.83
       1253	      10.4
       1253	      9.37
       1253	       9.2
       1253	      9.14
       1253	      8.97
       1253	      8.79
       1253	      8.22
       1253	      7.99
       1253	      7.87
       1253	      7.47
       1253	      7.41
       1253	      7.01
       1253	       6.9
       1254	      6.32
       1254	      6.21
       1254	      6.03
       1254	       5.8
       1254	      5.63
       1254	      5.46
       1254	      5.34
       1254	      5.23
       1254	      5.11
       1254	      4.94
       1255	      4.37
       1255	      4.14
       1255	      3.97
       1255	      3.85
       1256	      3.33
       1256	      3.22
       1257	      2.64
       1258	      2.18
       1258	      1.78
       1260	      1.21
       1261	      0.69
       1262	      0.23
       1263	     0.632
       1264	     0.977
       1265	      1.32
       1266	      1.67
       1267	      2.07
       1268	      1.55
       1269	      2.07
       1270	      2.64
       1270	      2.47
       1270	      2.41
       1270	       2.3
       1272	      1.72
       1272	      1.67
       1272	      1.61
       1272	      1.49
       1272	      1.44
       1273	     0.862
       1274	     0.345
       1275	    -0.115
       1276	    -0.402
       1277	         0
       1278	     0.402
       1279	     0.862
       1280	      1.38
       1281	      1.95
       1281	      1.61
       1281	      1.49
       1281	      1.44
       1282	     0.862
       1283	     0.287
       1283	      0.23
       1283	         0
       1283	    -0.172
       1283	     -0.23
       1285	    -0.805
       1286	     -1.38
       1287	     -1.95
       1287	     -2.36
       1287	     -2.82
       1287	     -3.39
       1287	     -3.97
       1287	     -3.22
       1287	      -3.1
       1287	     -2.99
       1287	     -2.64
       1287	     -2.47
       1288	      -1.9
       1288	     -1.26
       1288	     -1.15
       1288	     -1.03
       1289	     -0.46
       1289	    -0.345
       1289	    -0.287
       1289	    -0.115
       1289	         0
       1289	    0.0575
       1289	     0.115
       1289	      0.23
       1290	     0.805
       1291	      1.32
       1292	       1.9
       1293	      2.47
       1294	      3.05
       1294	      2.76
       1294	      2.59
       1295	      2.13
       1297	      1.61
       1298	      2.18
       1298	       2.3
       1299	      2.82
       1300	      3.39
       1301	      3.05
       1302	      2.64
       1303	      2.18
       1304	      1.78
       1304	       1.9
       1305	      2.47
       1306	      3.05
       1306	      3.22
       1306	      3.33
       1306	      3.39
       1306	      3.51
       1306	      3.62
       1306	      3.68
       1306	      3.74
       1306	      4.08
       1306	      4.48
       1307	      5.06
       1307	      5.57
       1307	      4.83
       1307	      4.77
       1307	      4.66
       1307	      4.48
       1307	      4.31
       1307	      4.14
       1307	      4.02
       1307	      3.97
       1308	      3.39
       1310	      2.87
       1311	      2.41
       1312	      2.01
       1314	      1.44
       1314	      1.21
       1315	      1.78
       1315	       1.9
       1316	      2.47
       1316	      2.64
       1316	       2.7
       1317	      3.28
       1317	      3.33
       1317	      3.97
       1319	      3.39
       1322	      2.82
       1323	      2.59
       1324	      2.13
       1326	      1.78
       1327	      2.07
       1328	      2.59
       1329	      3.05
       1330	      3.62
       1330	      4.14
       1331	      3.56
       1332	      2.99
       1335	      2.41
       1338	      1.84
       1338	      1.67
       1342	      1.26
       1347	     0.862
       1353	     0.402
       1356	      0.23
       1359	     0.747
       1359	     0.862
       1360	      1.38
       1361	      1.84
       1362	      2.36
       1362	      2.53
       1362	      2.64
       1362	      2.76
       1362	      2.93
       1363	      3.51
       1363	      3.68
       1363	      3.79
       1363	      3.91
       1363	      4.08
       1363	       4.2
       1363	      4.25
       1363	      4.43
       1363	       4.6
       1363	      4.66
       1363	      4.71
       1363	      4.83
       1364	       5.4
       1364	      5.57
       1364	      6.49
       1364	      6.84
       1365	      6.55
       1366	      6.21
       1367	      5.86
       1368	      5.29
       1368	      5.11
       1368	         5
       1368	      4.83
       1369	      4.25
       1369	       4.2
       1369	      4.08
       1369	      3.97
       1370	      3.39
       1370	      3.33
       1372	      2.76
       1373	      2.36
       1373	      1.95
       1374	      1.38
       1375	     0.862
       1377	     0.402
       1379	    -0.172
       1380	     -0.46
       1384	     -1.03
       1385	     -1.21
       1386	    -0.862
       1388	    -0.287
       1389	     0.287
       1390	     0.862
       1390	      0.92
       1393	      1.49
       1396	      1.95
       1398	      1.38
       1401	     0.805
       1403	     0.402
       1404	     0.172
       1405	   -0.0575
       1407	    -0.517
       1411	    -0.172
       1413	      0.23
       1415	      0.69
       1416	      0.92
       1418	      1.49
       1421	      1.09
       1423	     0.632
       1424	     0.402
       1430	    -0.115
       1434	     0.345
       1436	     0.632
       1438	      0.92
       1442	     0.517
       1447	    0.0575
       1449	      0.46
       1452	     0.977
       1455	     0.632
       1456	     0.517
       1464	    0.0575
       1474	     -0.23
       1484	    -0.575
       1485	     -1.03
       1487	     -1.61
       1488	     -2.13
       1489	     -2.64
       1490	      -3.1
       1490	     -3.45
       1490	     -3.28
       1491	     -2.82
       1492	      -2.3
       1492	     -2.18
       1493	     -1.61
       1493	     -1.49
       1493	     -1.38
       1493	     -1.21
       1493	     -1.09
       1493	    -0.977
       1493	     -0.92
       1493	    -0.747
       1493	    -0.517
       1493	    -0.287
       1493	     -0.23
       1493	    -0.115
       1493	         0
       1493	    0.0575
       1493	     0.115
       1493	     0.172
       1493	     0.345
       1493	     0.402
       1493	     0.575
       1493	     0.805
       1493	     0.977
       1493	      1.15
       1493	      1.26
       1493	      1.49
       1493	      1.55
       1494	      2.13
       1494	      2.36
       1494	      2.47
       1494	      2.64
       1494	      2.82
       1494	      3.05
       1494	      3.28
       1494	      3.45
       1494	      3.56
       1494	      3.74
       1494	      3.85
       1494	      3.91
       1494	      4.02
       1494	      4.14
       1494	      4.31
       1496	      4.89
       1496	         5
       1497	      5.57
       1498	      6.03
       1499	      6.61
       1500	      7.13
       1501	      7.47
       1502	      7.93
       1502	      8.62
       1502	      7.87
       1502	       7.7
       1502	      7.53
       1502	      7.36
       1502	      7.01
       1502	      6.84
       1502	      6.78
       1502	      6.49
       1502	      6.38
       1502	      6.21
       1503	      5.63
       1503	      5.57
       1503	       5.4
       1503	      5.29
       1503	      5.17
       1503	      5.06
       1503	      4.89
       1503	      4.71
       1503	      4.54
       1503	      4.31
       1503	      4.14
       1503	      4.02
       1504	      3.45
       1505	      2.93
       1506	      2.41
       1508	      1.84
       1509	      1.38
       1510	     0.862
       1520	     0.517
       1521	      0.46
       1527	     0.172
       1533	    -0.345
       1537	     0.172
       1539	     0.402
       1540	     0.115
       1541	     -0.23
       1542	    -0.632
       1543	     -1.21
       1545	     -1.72
       1545	     -2.01
       1545	      -1.9
       1545	     -1.55
       1545	     -1.49
       1545	     -1.38
       1546	    -0.805
       1546	    -0.747
       1546	    -0.632
       1546	    -0.402
       1546	    -0.345
       1546	    -0.287
       1546	     -0.23
       1546	   -0.0575
       1547	     0.517
       1547	     0.862
       1547	     0.977
       1547	      1.09
       1547	      1.15
       1547	      1.32
       1547	      1.44
       1548	      2.01
       1548	      2.53
       1548	      2.59
       1549	      3.16
       1549	      3.33
       1550	      3.91
       1552	      4.43
       1554	         5
       1554	      5.17
       1554	      5.75
       1554	      5.63
       1555	      5.11
       1555	         5
       1556	      4.43
       1556	       4.2
       1556	      4.08
       1556	      4.02
       1558	      3.45
       1559	      2.93
       1560	      2.64
       1561	      2.07
       1561	      1.95
       1562	      1.38
       1563	     0.862
       1563	     0.632
       1564	     0.172
       1565	     -0.23
       1566	    -0.575
       1570	    -0.747
       1571	    -0.805
       1576	     -1.09
       1578	     -1.61
       1579	     -2.18
       1579	     -2.76
       1579	     -3.22
       1582	      -2.7
       1583	     -2.13
       1583	     -2.01
       1584	     -1.44
       1584	     -1.26
       1584	     -1.09
       1584	    -0.977
       1584	    -0.862
       1585	    -0.287
       1585	     -0.23
       1585	    -0.172
       1585	     0.402
       1585	     0.517
       1585	      0.69
       1585	     0.805
       1585	     0.977
       1585	      1.03
       1585	      1.21
       1586	      1.78
       1586	      2.41
       1586	      3.05
       1586	      3.62
       1586	      4.25
       1586	      4.83
       1586	      4.71
       1586	      4.54
       1586	      4.43
       1586	      4.02
       1587	      3.45
       1588	      2.87
       1588	      2.76
       1588	      2.13
       1589	      1.72
       1590	      1.26
       1591	     0.805
       1592	     0.345
       1593	    -0.115
       1595	    -0.575
       1596	    -0.402
       1599	    0.0575
       1600	      0.46
       1601	      0.92
       1602	      1.49
       1602	      1.67
       1602	      1.84
       1602	      1.95
       1602	      2.18
       1602	      2.36
       1602	      2.47
       1602	      2.59
       1602	       2.7
       1602	      2.76
       1602	      2.82
       1602	      2.93
       1602	       3.1
       1602	      3.16
       1602	      3.28
       1602	      3.39
       1602	      3.51
       1602	      3.79
       1602	       4.2
       1602	      4.31
       1603	      4.89
       1603	      5.52
       1603	      6.03
       1603	      6.61
       1603	      7.24
       1603	      7.87
       1603	      8.45
       1603	      8.97
       1603	      9.25
       1603	      9.89
       1610	      9.66
       1612	      9.14
       1612	      8.91
       1612	      8.79
       1613	      8.22
       1613	      8.16
       1613	       8.1
       1613	      7.93
       1613	      7.76
       1613	      7.59
       1613	      7.47
       1613	      7.36
       1613	      7.24
       1613	      7.07
       1613	       6.9
       1614	      6.32
       1614	      6.21
       1614	      5.98
       1614	      5.86
       1614	      5.69
       1615	      5.11
       1616	      4.77
       1617	      4.37
       1618	      4.77
       1621	      5.34
       1622	      4.83
       1623	      4.37
       1624	      3.79
       1624	      3.68
       1624	      3.62
       1627	      3.05
       1628	      2.76
       1629	      3.16
       1630	      3.51
       1632	      2.93
       1632	      2.87
       1633	       2.3
       1633	      2.13
       1633	      1.95
       1635	      1.44
       1638	      0.92
       1640	      0.46
       1642	    0.0575
       1644	     0.345
       1646	      0.92
       1647	      1.44
       1649	      2.01
       1650	      2.36
       1651	      2.47
       1653	       2.7
       1659	      3.22
       1660	      2.87
       1662	       2.3
       1664	      1.72
       1665	      1.15
       1665	      1.09
       1665	     0.977
       1666	      0.46
       1670	   -0.0575
       1672	    -0.632
       1673	    -0.287
       1675	     0.287
       1677	     0.747
       1679	      1.26
       1680	     0.977
       1683	     0.402
       1685	   -0.0575
       1686	    -0.287
       1694	         0
       1695	     0.575
       1696	      1.15
       1697	      1.72
       1697	      1.78
       1698	      2.36
       1698	      2.41
       1698	      2.47
       1698	      2.64
       1698	       2.7
       1698	      2.82
       1698	      2.87
       1698	      2.93
       1698	      2.99
       1698	      3.22
       1698	      3.28
       1698	      3.33
       1698	      3.39
       1698	      3.45
       1698	      3.51
       1698	      3.74
       1698	      3.85
       1698	      3.97
       1698	      4.08
       1698	      4.14
       1698	      4.25
       1698	      4.43
       1698	       4.6
       1698	      4.66
       1698	      4.77
       1698	      4.83
       1698	      4.89
       1698	         5
       1698	      5.11
       1699	      5.69
       1700	      5.92
       1701	      6.49
       1701	      6.61
       1701	      7.24
