0.000000000 0.51734
0.010000000 0.41761
0.020000000 0.34811
0.030000000 0.29993
0.040000000 0.26418
0.050000000 0.23506
0.060000000 0.21602
0.070000000 0.20879
0.080000000 0.20626
0.090000000 0.20260
0.100000000 0.19795
0.110000000 0.19283
0.120000000 0.18702
0.130000000 0.18056
0.140000000 0.17399
0.150000000 0.16782
0.160000000 0.16234
0.170000000 0.15763
0.180000000 0.15345
0.190000000 0.14957
0.200000000 0.14571
0.210000000 0.14188
0.220000000 0.13826
0.230000000 0.13496
0.240000000 0.13196
0.250000000 0.12926
0.260000000 0.12684
0.270000000 0.12485
0.280000000 0.12352
0.290000000 0.12278
0.300000000 0.12238
0.310000000 0.12213
0.320000000 0.12191
0.330000000 0.12173
0.340000000 0.12163
0.350000000 0.12153
0.360000000 0.12134
0.370000000 0.12114
0.380000000 0.12105
0.390000000 0.12094
0.400000000 0.12066
0.410000000 0.12036
0.420000000 0.12016
0.430000000 0.11997
0.440000000 0.11969
0.450000000 0.11937
0.460000000 0.11908
0.470000000 0.11878
0.480000000 0.11844
0.490000000 0.11793
0.500000000 0.11719
0.510000000 0.11626
0.520000000 0.11502
0.530000000 0.11312
0.540000000 0.11025
0.550000000 0.10620
0.560000000 0.10116
0.570000000 0.09589
0.580000000 0.09132
0.590000000 0.08855
0.600000000 0.08755
0.610000000 0.08718
0.620000000 0.08689
0.630000000 0.08670
0.640000000 0.08662
0.650000000 0.08660
0.660000000 0.08660
0.670000000 0.08660
0.680000000 0.08647
0.690000000 0.08631
0.700000000 0.08629
0.710000000 0.08612
0.720000000 0.08574
0.730000000 0.08555
0.740000000 0.08536
0.750000000 0.08517
0.760000000 0.08478
0.770000000 0.08459
0.780000000 0.08421
0.790000000 0.08383
0.800000000 0.08326
0.810000000 0.08278
0.820000000 0.08231
0.830000000 0.08174
0.840000000 0.08078
0.850000000 0.08002
0.860000000 0.07907
0.870000000 0.07792
0.880000000 0.07659
0.890000000 0.07506
0.900000000 0.07316
0.910000000 0.07106
0.920000000 0.06839
0.930000000 0.06532
0.940000000 0.06173
0.950000000 0.05734
0.960000000 0.05199
0.970000000 0.04496
0.980000000 0.03604
0.990000000 0.02558
1.000000000 0.00200