0 6.0826
0.01 6.013386025
0.02 5.945577722
0.03 5.879159523
0.04 5.814115859
0.05 5.750431163
0.06 5.688089865
0.07 5.627076398
0.08 5.567375194
0.09 5.508970684
0.1 5.4518473
0.11 5.395989474
0.12 5.341381638
0.13 5.288008224
0.14 5.235853663
0.15 5.184902388
0.16 5.135138829
0.17 5.086547419
0.18 5.03911259
0.19 4.992818773
0.2 4.9476504
0.21 4.903591903
0.22 4.860627714
0.23 4.818742265
0.24 4.777919987
0.25 4.738145313
0.26 4.699402673
0.27 4.6616765
0.28 4.624951226
0.29 4.589211282
0.3 4.5544411
0.31 4.520625112
0.32 4.48774775
0.33 4.455793446
0.34 4.424746631
0.35 4.394591738
0.36 4.365313197
0.37 4.336895441
0.38 4.309322902
0.39 4.282580011
0.4 4.2566512
0.41 4.231520901
0.42 4.207173546
0.43 4.183593567
0.44 4.160765395
0.45 4.138673463
0.46 4.117302201
0.47 4.096636042
0.48 4.076659418
0.49 4.05735676
0.5 4.0387125
0.51 4.02071107
0.52 4.003336902
0.53 3.986574428
0.54 3.970408079
0.55 3.954822288
0.56 3.939801485
0.57 3.925330103
0.58 3.911392574
0.59 3.897973329
0.6 3.8850568
0.61 3.872627419
0.62 3.860669618
0.63 3.849167829
0.64 3.838106483
0.65 3.827470013
0.66 3.817242849
0.67 3.807409424
0.68 3.79795417
0.69 3.788861518
0.7 3.7801159
0.71 3.771701748
0.72 3.763603494
0.73 3.75580557
0.74 3.748292407
0.75 3.741048437
0.76 3.734058093
0.77 3.727305805
0.78 3.720776006
0.79 3.714453127
0.8 3.7083216
0.81 3.702365857
0.82 3.69657033
0.83 3.69091945
0.84 3.685397648
0.85 3.679989353
0.86 3.674678984
0.87 3.669450933
0.88 3.66428949
0.89 3.6591786
0.9 3.654101004
0.91 3.64903528
0.92 3.643945587
0.93 3.638746136
0.94 3.633178146
0.95 3.626383667
0.96 3.615429479
0.97 3.590194517
0.98 3.515662122
0.99 3.270587971
1 2.435072156